27,125,OUTPUT/pa2-debug-c-output1.txt
190.332,196.818,201.137
321.392,332.052,127.701
98.3184,100.517,99.8169
101.73,100.819,224.77
105.142,101.121,349.723
101.836,225.467,99.4189
105.247,225.769,224.372
108.659,226.071,349.325
105.353,350.417,99.0209
108.764,350.719,223.974
112.176,351.021,348.927
223.222,96.9906,96.415
226.634,97.2926,221.368
230.046,97.5946,346.321
226.739,221.941,96.0169
230.151,222.243,220.97
233.563,222.544,345.923
230.257,346.89,95.6189
233.668,347.192,220.572
237.08,347.494,345.525
348.126,93.464,93.013
351.538,93.766,217.966
354.95,94.068,342.919
351.643,218.414,92.615
355.055,218.716,217.568
358.467,219.018,342.521
355.16,343.364,92.217
358.572,343.666,217.17
361.984,343.968,342.123
101.372,99.3415,224.742
99.5152,96.7158,349.701
97.6586,94.0901,474.66
98.9379,224.291,227.332
97.0812,221.665,352.29
95.2246,219.04,477.249
96.5039,349.24,229.921
94.6473,346.615,354.88
92.7906,343.989,479.838
226.334,101.736,226.65
224.478,99.1105,351.608
222.621,96.4848,476.567
223.9,226.686,229.239
222.044,224.06,354.197
220.187,221.434,479.156
221.466,351.635,231.828
219.61,349.009,356.787
217.753,346.384,481.745
351.297,104.131,228.557
349.44,101.505,353.515
347.584,98.8796,478.474
348.863,229.08,231.146
347.006,226.455,356.105
345.15,223.829,481.063
346.429,354.03,233.735
344.572,351.404,358.694
342.716,348.779,483.653
101.811,98.6072,349.368
100.328,102.029,474.313
98.846,105.451,599.257
100.476,223.553,345.93
98.9934,226.975,470.875
97.5111,230.397,595.819
99.1408,348.498,342.493
97.6585,351.92,467.437
96.1761,355.343,592.381
226.795,99.9824,350.814
225.312,103.404,475.758
223.83,106.826,600.702
225.46,224.928,347.376
223.978,228.35,472.32
222.495,231.772,597.264
224.125,349.874,343.938
222.643,353.296,468.882
221.16,356.718,593.826
351.779,101.357,352.259
350.297,104.78,477.203
348.814,108.202,602.147
350.444,226.303,348.821
348.962,229.725,473.765
347.479,233.147,598.71
349.109,351.249,345.383
347.627,354.671,470.327
346.144,358.093,595.272
98.4633,100.715,474.474
101.031,104.259,599.397
103.599,107.802,724.321
100.042,225.654,470.897
102.61,229.198,595.821
105.178,232.741,720.744
101.621,350.593,467.321
104.189,354.136,592.244
106.757,357.68,717.168
223.427,99.0638,471.952
225.995,102.607,596.875
228.563,106.151,721.799
225.006,224.003,468.375
227.574,227.546,593.299
230.142,231.09,718.222
226.585,348.942,464.799
229.153,352.485,589.722
231.721,356.029,714.646
348.391,97.4126,469.43
350.959,100.956,594.353
353.527,104.5,719.277
349.969,222.351,465.853
352.537,225.895,590.777
355.105,229.439,715.7
351.548,347.29,462.277
354.116,350.834,587.2
356.684,354.377,712.124
98.5647,100.352,599.321
95.7413,98.553,724.276
92.9179,96.7537,849.232
100.551,225.323,601.166
97.7277,223.524,726.121
94.9043,221.724,851.076
102.537,350.293,603.01
99.7141,348.494,727.965
96.8907,346.695,852.92
223.517,98.3249,602.115
220.694,96.5256,727.071
217.87,94.7263,852.026
225.503,223.296,603.96
222.68,221.496,728.915
219.857,219.697,853.87
227.49,348.266,605.804
224.666,346.467,730.759
221.843,344.668,855.715
348.469,96.2976,604.91
345.646,94.4983,729.865
342.823,92.699,854.82
350.456,221.268,606.754
347.632,219.469,731.709
344.809,217.67,856.664
352.442,346.239,608.598
349.619,344.44,733.554
346.795,342.64,858.509
101.036,223.501,100.791
100.31,224.81,225.782
99.5836,226.118,350.773
101.874,348.492,99.4877
101.147,349.8,224.479
100.421,351.108,349.47
102.711,473.482,98.1845
101.985,474.79,223.176
101.259,476.098,348.167
226.031,222.672,101.526
225.305,223.98,226.517
224.579,225.288,351.508
226.869,347.662,100.223
226.142,348.97,225.214
225.416,350.278,350.205
227.706,472.652,98.9195
226.98,473.96,223.911
226.254,475.268,348.902
351.026,221.842,102.261
350.3,223.15,227.252
349.574,224.458,352.243
351.864,346.832,100.958
351.138,348.14,225.949
350.411,349.448,350.94
352.701,471.822,99.6545
351.975,473.13,224.646
351.249,474.439,349.637
98.0949,224.128,225.511
99.2955,225.895,350.493
100.496,227.662,475.474
99.4083,349.108,223.731
100.609,350.875,348.713
101.81,352.642,473.695
100.722,474.089,221.952
101.922,475.856,346.934
103.123,477.623,471.915
223.082,222.798,224.329
224.283,224.565,349.311
225.483,226.331,474.292
224.396,347.778,222.55
225.596,349.545,347.531
226.797,351.312,472.513
225.709,472.759,220.77
226.91,474.525,345.752
228.11,476.292,470.734
348.07,221.467,223.147
349.27,223.234,348.129
350.471,225.001,473.111
349.383,346.448,221.368
350.584,348.215,346.349
351.784,349.982,471.331
350.696,471.428,219.588
351.897,473.195,344.57
353.098,474.962,469.552
99.0223,223.528,348.715
97.8699,223.282,473.709
96.7175,223.037,598.703
98.275,348.525,348.953
97.1225,348.28,473.947
95.9701,348.035,598.942
97.5276,473.523,349.191
96.3752,473.277,474.186
95.2228,473.032,599.18
224.015,224.273,349.868
222.862,224.027,474.863
221.71,223.782,599.857
223.267,349.27,350.107
222.115,349.025,475.101
220.963,348.78,600.096
222.52,474.268,350.345
221.368,474.023,475.34
220.215,473.777,600.334
349.007,225.018,351.022
347.855,224.773,476.017
346.702,224.527,601.011
348.26,350.015,351.261
347.107,349.77,476.255
345.955,349.525,601.25
347.512,475.013,351.499
346.36,474.768,476.494
345.208,474.522,601.488
98.1598,226.782,475.917
97.7112,223.364,600.87
97.2626,219.947,725.822
95.6264,351.71,479.325
95.1777,348.292,604.277
94.7291,344.875,729.23
93.0929,476.637,482.733
92.6443,473.22,607.685
92.1956,469.803,732.637
223.133,229.302,476.435
222.685,225.885,601.387
222.236,222.467,726.34
220.6,354.23,479.843
220.151,350.812,604.795
219.703,347.395,729.747
218.066,479.158,483.25
217.618,475.74,608.203
217.169,472.323,733.155
348.107,231.822,476.953
347.658,228.405,601.905
347.21,224.988,726.857
345.573,356.75,480.36
345.125,353.333,605.313
344.676,349.915,730.265
343.04,481.678,483.768
342.591,478.261,608.72
342.143,474.843,733.673
101.269,225.682,600.072
100.435,221.987,725.014
99.6007,218.292,849.957
102.049,350.624,603.772
101.215,346.93,728.714
100.381,343.235,853.657
102.83,475.567,607.472
101.996,471.872,732.414
101.161,468.178,857.357
226.264,224.877,600.882
225.43,221.182,725.825
224.595,217.487,850.768
227.044,349.82,604.582
226.21,346.125,729.525
225.376,342.43,854.468
227.825,474.763,608.282
226.99,471.068,733.225
226.156,467.373,858.168
351.259,224.072,601.693
350.424,220.378,726.636
349.59,216.683,851.578
352.039,349.015,605.393
351.205,345.32,730.336
350.371,341.626,855.278
352.819,473.958,609.093
351.985,470.263,734.036
351.151,466.568,858.978
100.963,348.714,100.593
98.9721,349.459,225.575
96.9817,350.203,350.557
97.9843,473.676,99.801
95.9938,474.421,224.783
94.0034,475.165,349.765
95.006,598.638,99.0092
93.0156,599.383,223.991
91.0251,600.127,348.973
225.911,351.705,102.565
223.921,352.449,227.547
221.93,353.194,352.529
222.933,476.667,101.773
220.942,477.411,226.755
218.952,478.156,351.737
219.955,601.629,100.981
217.964,602.373,225.963
215.974,603.118,350.945
350.86,354.695,104.537
348.869,355.44,229.519
346.879,356.184,354.501
347.882,479.657,103.745
345.891,480.402,228.727
343.901,481.146,353.709
344.903,604.619,102.953
342.913,605.364,227.935
340.922,606.108,352.917
100.862,348.972,223.362
100.73,349.788,348.359
100.599,350.604,473.357
99.8691,473.966,222.545
99.7378,474.781,347.543
99.6064,475.597,472.54
98.8764,598.959,221.729
98.7451,599.775,346.726
98.6137,600.591,471.723
225.858,349.966,223.487
225.726,350.782,348.484
225.595,351.597,473.482
224.865,474.959,222.67
224.734,475.775,347.668
224.602,476.591,472.665
223.872,599.953,221.853
223.741,600.768,346.851
223.61,601.584,471.848
350.854,350.959,223.612
350.722,351.775,348.609
350.591,352.591,473.606
349.861,475.953,222.795
349.73,476.769,347.792
349.598,477.584,472.79
348.868,600.946,221.978
348.737,601.762,346.976
348.606,602.578,471.973
99.8539,350.967,350.801
100.791,347.999,475.762
101.728,345.032,600.723
103.564,475.877,353.739
104.501,472.91,478.701
105.438,469.942,603.662
107.275,600.788,356.678
108.211,597.82,481.639
109.148,594.852,606.6
224.795,347.28,349.776
225.732,344.312,474.738
226.669,341.345,599.699
228.506,472.19,352.715
229.442,469.222,477.676
230.379,466.255,602.638
232.216,597.1,355.654
233.153,594.133,480.615
234.09,591.165,605.576
349.737,343.593,348.752
350.674,340.625,473.713
351.61,337.657,598.675
353.447,468.503,351.691
354.384,465.535,476.652
355.321,462.568,601.613
357.157,593.413,354.629
358.094,590.446,479.591
359.031,587.478,604.552
98.0486,349.052,474.342
96.3793,345.615,599.283
94.71,342.179,724.225
97.1524,474.001,477.766
95.4831,470.565,602.708
93.8138,467.128,727.65
96.2562,598.951,481.191
94.5869,595.515,606.133
92.9177,592.078,731.074
223.034,349.902,476.035
221.365,346.465,600.976
219.696,343.029,725.918
222.138,474.852,479.46
220.469,471.415,604.401
218.799,467.978,729.343
221.242,599.801,482.884
219.573,596.365,607.826
217.903,592.928,732.768
348.02,350.752,477.728
346.351,347.315,602.67
344.681,343.879,727.611
347.124,475.702,481.153
345.454,472.265,606.094
343.785,468.829,731.036
346.227,600.651,484.578
344.558,597.215,609.519
342.889,593.778,734.461
99.5483,349.968,600.23
98.3587,350.354,725.224
97.169,350.74,850.217
98.1927,474.96,599.831
97.003,475.346,724.825
95.8134,475.732,849.818
96.837,599.952,599.432
95.6474,600.338,724.426
94.4577,600.724,849.419
224.535,351.327,601.415
223.346,351.713,726.409
222.156,352.099,851.403
223.18,476.319,601.016
221.99,476.705,726.01
220.8,477.091,851.004
221.824,601.311,600.617
220.634,601.697,725.611
219.445,602.083,850.605
349.522,352.686,602.601
348.333,353.072,727.594
347.143,353.458,852.588
348.167,477.678,602.202
346.977,478.064,727.195
345.787,478.45,852.189
346.811,602.67,601.803
345.621,603.056,726.796
344.432,603.442,851.79
98.4526,476.012,100.662
100.126,476.376,225.65
101.8,476.739,350.639
98.8932,601.011,100.293
100.567,601.374,225.281
102.241,601.738,350.269
99.3339,726.01,99.9237
101.008,726.373,224.912
102.681,726.736,349.9
223.441,475.567,98.9897
225.114,475.93,223.978
226.788,476.293,348.966
223.881,600.565,98.6205
225.555,600.929,223.609
227.229,601.292,348.597
224.322,725.564,98.2513
225.996,725.927,223.24
227.669,726.291,348.228
348.429,475.121,97.3172
350.102,475.485,222.306
351.776,475.848,347.294
348.869,600.12,96.948
350.543,600.483,221.936
352.217,600.846,346.925
349.31,725.119,96.5788
350.984,725.482,221.567
352.657,725.845,346.555
100.858,475.819,225.878
100.431,476.444,350.875
100.003,477.069,475.873
97.8106,600.78,225.242
97.3829,601.405,350.24
96.9552,602.03,475.238
94.7629,725.742,224.607
94.3352,726.366,349.605
93.9075,726.991,474.603
225.82,478.869,226.29
225.393,479.494,351.288
224.965,480.119,476.285
222.773,603.83,225.655
222.345,604.455,350.652
221.917,605.08,475.65
219.725,728.791,225.02
219.297,729.416,350.017
218.87,730.041,475.015
350.782,481.919,226.702
350.355,482.544,351.7
349.927,483.168,476.698
347.735,606.88,226.067
347.307,607.505,351.065
346.879,608.13,476.063
344.687,731.841,225.432
344.259,732.466,350.43
343.832,733.091,475.427
101.12,476.724,349.051
97.9243,476.673,474.011
94.7288,476.623,598.97
102.975,601.71,349.149
99.7796,601.66,474.108
96.5841,601.61,599.067
104.831,726.696,349.246
101.635,726.646,474.205
98.4394,726.596,599.165
226.065,474.866,352.246
222.87,474.816,477.205
219.674,474.766,602.164
227.921,599.853,352.343
224.725,599.803,477.302
221.529,599.752,602.262
229.776,724.839,352.441
226.58,724.789,477.4
223.385,724.739,602.359
351.011,473.009,355.44
347.815,472.959,480.4
344.619,472.909,605.359
352.866,597.995,355.538
349.67,597.945,480.497
346.475,597.895,605.456
354.721,722.982,355.635
351.526,722.932,480.594
348.33,722.881,605.554
98.857,476.653,476.639
97.6828,480.363,601.578
96.5087,484.072,726.518
98.1342,601.596,472.922
96.9601,605.305,597.862
95.786,609.015,722.801
97.4115,726.538,469.206
96.2374,730.248,594.145
95.0632,733.958,719.084
223.849,477.41,477.791
222.675,481.12,602.73
221.501,484.83,727.67
223.127,602.353,474.074
221.952,606.062,599.014
220.778,609.772,723.953
222.404,727.295,470.358
221.23,731.005,595.297
220.056,734.715,720.237
348.842,478.167,478.943
347.668,481.877,603.882
346.494,485.587,728.822
348.119,603.11,475.226
346.945,606.82,600.166
345.771,610.529,725.105
347.396,728.053,471.51
346.222,731.762,596.449
345.048,735.472,721.389
100.482,473.826,600.232
101.057,474.079,725.231
101.632,474.332,850.229
102.478,598.81,599.97
103.054,599.062,724.969
103.629,599.315,849.967
104.475,723.793,599.708
105.05,724.046,724.706
105.625,724.299,849.705
225.465,471.828,599.661
226.04,472.081,724.66
226.615,472.334,849.658
227.461,596.812,599.399
228.036,597.065,724.398
228.611,597.318,849.396
229.457,721.796,599.137
230.033,722.049,724.135
230.608,722.302,849.134
350.448,469.831,599.09
351.023,470.084,724.089
351.598,470.337,849.087
352.444,594.815,598.828
353.019,595.068,723.826
353.594,595.32,848.825
354.44,719.798,598.566
355.015,720.051,723.564
355.59,720.304,848.563
101.354,598.411,98.5289
101.799,599.161,223.526
102.245,599.91,348.523
102.182,723.406,97.7762
102.627,724.156,222.773
103.073,724.905,347.77
103.01,848.401,97.0234
103.455,849.151,222.02
103.901,849.9,347.017
226.35,597.58,98.0883
226.796,598.33,223.085
227.241,599.08,348.082
227.178,722.575,97.3355
227.624,723.325,222.332
228.069,724.075,347.329
228.006,847.57,96.5828
228.452,848.32,221.58
228.897,849.07,346.577
351.347,596.75,97.6476
351.792,597.499,222.645
352.238,598.249,347.642
352.175,721.745,96.8949
352.62,722.494,221.892
353.066,723.244,346.889
353.003,846.74,96.1422
353.448,847.489,221.139
353.894,848.239,346.136
98.5813,601.058,225.89
99.0495,604.563,350.84
99.5177,608.067,475.79
96.3943,725.99,222.394
96.8625,729.494,347.344
97.3307,732.999,472.294
94.2073,850.922,218.899
94.6755,854.426,343.849
95.1438,857.931,468.799
223.561,603.231,225.361
224.029,606.736,350.311
224.498,610.24,475.261
221.374,728.163,221.865
221.842,731.668,346.815
222.311,735.172,471.765
219.187,853.095,218.369
219.656,856.599,343.319
220.124,860.104,468.269
348.541,605.404,224.831
349.009,608.909,349.781
349.478,612.413,474.731
346.354,730.336,221.336
346.822,733.841,346.286
347.291,737.345,471.236
344.167,855.268,217.84
344.635,858.772,342.79
345.104,862.277,467.74
98.5397,599.152,351.546
99.0664,597.398,476.533
99.5931,595.643,601.519
98.2996,724.14,353.302
98.8263,722.385,478.288
99.3531,720.631,603.275
98.0596,849.127,355.057
98.5863,847.373,480.044
99.113,845.618,605.03
223.538,599.4,351.023
224.065,597.645,476.009
224.592,595.891,600.996
223.298,724.387,352.778
223.825,722.633,477.765
224.352,720.878,602.752
223.058,849.374,354.534
223.585,847.62,479.521
224.112,845.865,604.507
348.537,599.647,350.5
349.064,597.892,475.486
349.59,596.138,600.473
348.297,724.634,352.255
348.824,722.88,477.242
349.35,721.125,602.228
348.057,849.622,354.011
348.584,847.867,478.997
349.11,846.113,603.984
98.2517,600.29,475.005
97.5794,600.806,600.002
96.907,601.322,725
99.8494,725.279,474.498
99.177,725.795,599.495
98.5047,726.311,724.492
101.447,850.267,473.99
100.775,850.784,598.987
100.102,851.3,723.984
223.24,598.695,475.684
222.567,599.211,600.681
221.895,599.727,725.678
224.837,723.684,475.177
224.165,724.2,600.174
223.493,724.716,725.171
226.435,848.673,474.669
225.763,849.189,599.666
225.09,849.705,724.663
348.228,597.1,476.363
347.555,597.616,601.36
346.883,598.133,726.357
349.825,722.089,475.856
349.153,722.605,600.853
348.481,723.121,725.85
351.423,847.078,475.348
350.751,847.594,600.345
350.078,848.11,725.342
101.931,600.102,601.711
103.921,601.724,726.685
105.912,603.346,851.658
103.526,725.081,600.063
105.516,726.703,725.037
107.507,728.325,850.011
105.12,850.06,598.416
107.111,851.682,723.389
109.101,853.304,848.363
226.905,598.481,599.742
228.895,600.104,724.715
230.886,601.726,849.689
228.499,723.46,598.094
230.49,725.082,723.067
232.481,726.705,848.041
230.094,848.439,596.446
232.085,850.061,721.42
234.075,851.684,846.393
351.879,596.861,597.772
353.869,598.483,722.746
355.86,600.105,847.719
353.473,721.84,596.124
355.464,723.462,721.098
357.454,725.084,846.072
355.068,846.819,594.477
357.059,848.441,719.45
359.049,850.063,844.424
226.791,99.9787,99.271
223.58,99.0192,224.226
220.368,98.0597,349.181
223.813,224.94,100.154
220.602,223.981,225.109
217.39,223.021,350.064
220.835,349.901,101.037
217.624,348.942,225.992
214.412,347.983,350.947
351.715,102.933,102.504
348.503,101.974,227.46
345.292,101.014,352.415
348.737,227.894,103.387
345.525,226.935,228.343
342.313,225.976,353.298
345.758,352.856,104.27
342.547,351.896,229.225
339.335,350.937,354.181
476.638,105.887,105.738
473.426,104.928,230.693
470.215,103.969,355.648
473.66,230.849,106.621
470.448,229.889,231.576
467.237,228.93,356.531
470.682,355.81,107.504
467.47,354.851,232.459
464.259,353.891,357.414
226.181,100.267,224.13
225.409,97.0776,349.087
224.637,93.8881,474.044
228.207,225.21,227.332
227.435,222.02,352.289
226.663,218.831,477.245
230.233,350.152,230.533
229.461,346.963,355.49
228.689,343.773,480.447
351.162,98.222,224.85
350.39,95.0324,349.807
349.618,91.8429,474.764
353.189,223.165,228.052
352.416,219.975,353.009
351.644,216.785,477.966
355.215,348.107,231.254
354.442,344.918,356.21
353.67,341.728,481.167
476.144,96.1768,225.57
475.371,92.9873,350.527
474.599,89.7977,475.484
478.17,221.119,228.772
477.397,217.93,353.729
476.625,214.74,478.686
480.196,346.062,231.974
479.424,342.872,356.931
478.651,339.683,481.888
223.494,98.2962,350.193
221.555,101.835,475.128
219.616,105.374,600.063
224.312,223.244,346.666
222.373,226.782,471.601
220.434,230.321,596.536
225.129,348.191,343.14
223.19,351.73,468.075
221.251,355.269,593.01
348.476,97.5338,352.154
346.537,101.072,477.089
344.599,104.611,602.024
349.294,222.481,348.628
347.355,226.02,473.562
345.416,229.559,598.497
350.111,347.429,345.101
348.173,350.968,470.036
346.234,354.506,594.971
473.459,96.7713,354.115
471.52,100.31,479.05
469.581,103.849,603.985
474.276,221.719,350.589
472.337,225.258,475.524
470.398,228.796,600.459
475.094,346.666,347.062
473.155,350.205,471.997
471.216,353.744,596.932
225.468,101.178,474.7
228.573,101.467,599.661
231.677,101.755,724.622
223.613,226.164,474.457
226.717,226.453,599.418
229.822,226.741,724.379
221.758,351.15,474.215
224.862,351.439,599.176
227.966,351.727,724.137
350.416,103.027,471.591
353.52,103.315,596.553
356.624,103.604,721.514
348.561,228.013,471.349
351.665,228.301,596.31
354.769,228.59,721.271
346.706,352.999,471.106
349.81,353.287,596.067
352.914,353.576,721.029
475.364,104.875,468.483
478.468,105.164,593.444
481.572,105.452,718.405
473.508,229.861,468.241
476.613,230.15,593.202
479.717,230.438,718.163
471.653,354.847,467.998
474.757,355.136,592.959
477.862,355.424,717.92
226.836,100.778,601.885
228.367,103.155,726.853
229.898,105.532,851.821
224.147,225.727,599.541
225.678,228.104,724.509
227.209,230.481,849.477
221.458,350.676,597.197
222.989,353.053,722.165
224.52,355.43,847.133
351.798,103.437,600.303
353.329,105.815,725.271
354.86,108.192,850.24
349.109,228.386,597.959
350.64,230.764,722.928
352.171,233.141,847.896
346.42,353.336,595.615
347.951,355.713,720.584
349.482,358.09,845.552
476.76,106.097,598.722
478.291,108.474,723.69
479.822,110.852,848.658
474.071,231.046,596.378
475.602,233.423,721.346
477.133,235.801,846.314
471.382,355.995,594.034
472.913,358.373,719.002
474.444,360.75,843.97
225.397,225.091,100.684
223.566,223.504,225.661
221.734,221.918,350.637
221.703,350.027,102.216
219.872,348.44,227.193
218.04,346.854,352.169
218.009,474.963,103.748
216.178,473.376,228.725
214.346,471.79,353.701
350.329,228.762,102.561
348.498,227.175,227.538
346.666,225.589,352.514
346.635,353.698,104.093
344.804,352.111,229.07
342.972,350.525,354.047
342.941,478.634,105.626
341.11,477.047,230.602
339.278,475.461,355.579
475.261,232.433,104.439
473.43,230.846,229.415
471.598,229.259,354.392
471.567,357.369,105.971
469.736,355.782,230.947
467.904,354.195,355.924
467.873,482.305,107.503
466.042,480.718,232.479
464.21,479.132,357.456
224.849,224.407,223.45
227.071,221.051,348.385
229.293,217.694,473.32
225.766,349.359,226.79
227.988,346.003,351.726
230.21,342.646,476.661
226.684,474.311,230.131
228.906,470.955,355.066
231.127,467.598,480.002
349.826,223.55,221.204
352.048,220.193,346.139
354.269,216.836,471.074
350.743,348.502,224.545
352.965,345.145,349.48
355.187,341.788,474.415
351.661,473.454,227.886
353.882,470.097,352.821
356.104,466.74,477.756
474.803,222.692,218.958
477.024,219.335,343.894
479.246,215.979,468.829
475.72,347.644,222.299
477.942,344.287,347.234
480.164,340.931,472.17
476.637,472.596,225.64
478.859,469.239,350.575
481.081,465.883,475.51
224.882,225.236,351.419
222.077,221.628,476.335
219.272,218.02,601.252
225.916,350.179,355.051
223.111,346.571,479.967
220.306,342.963,604.884
226.95,475.122,358.683
224.145,471.514,483.599
221.34,467.906,608.516
349.846,224.121,354.193
347.041,220.513,479.109
344.236,216.905,604.026
350.88,349.064,357.825
348.075,345.456,482.741
345.27,341.848,607.658
351.914,474.007,361.457
349.109,470.399,486.373
346.304,466.791,611.29
474.81,223.007,356.967
472.005,219.399,481.883
469.2,215.791,606.799
475.844,347.949,360.599
473.039,344.341,485.515
470.234,340.733,610.431
476.878,472.892,364.231
474.073,469.284,489.147
471.268,465.676,614.063
223.587,224.987,473.721
220.368,223.462,598.67
217.149,221.937,723.619
220.088,349.93,475.156
216.869,348.405,600.105
213.65,346.88,725.054
216.589,474.873,476.591
213.371,473.348,601.54
210.152,471.822,726.489
348.496,228.447,476.981
345.277,226.922,601.93
342.059,225.397,726.879
344.998,353.39,478.416
341.779,351.865,603.365
338.56,350.34,728.314
341.499,478.333,479.851
338.28,476.808,604.8
335.061,475.283,729.749
473.406,231.908,480.241
470.187,230.382,605.19
466.968,228.857,730.139
469.907,356.85,481.676
466.688,355.325,606.625
463.47,353.8,731.574
466.408,481.793,483.111
463.19,480.268,608.06
459.971,478.743,733.009
223.161,225.8,598.001
225.846,228.647,722.94
228.531,231.495,847.879
222.794,350.767,595.161
225.479,353.614,720.1
228.164,356.462,845.039
222.428,475.734,592.321
225.113,478.582,717.26
227.797,481.429,842.199
348.132,226.105,595.309
350.817,228.953,720.248
353.502,231.8,845.186
347.765,351.073,592.469
350.45,353.92,717.408
353.135,356.767,842.346
347.398,476.04,589.629
350.083,478.887,714.567
352.768,481.735,839.506
473.103,226.411,592.616
475.787,229.258,717.555
478.472,232.106,842.494
472.736,351.378,589.776
475.421,354.226,714.715
478.106,357.073,839.654
472.369,476.345,586.936
475.054,479.193,711.875
477.739,482.04,836.814
225.359,349.573,100.77
225.686,349.445,225.77
226.013,349.317,350.769
222.806,474.547,100.905
223.133,474.419,225.904
223.46,474.291,350.904
220.253,599.521,101.039
220.58,599.393,226.039
220.907,599.265,351.038
350.332,352.127,100.446
350.659,351.999,225.445
350.986,351.871,350.445
347.779,477.1,100.58
348.106,476.972,225.58
348.433,476.845,350.58
345.226,602.074,100.715
345.553,601.946,225.715
345.88,601.818,350.714
475.306,354.68,100.122
475.633,354.552,225.121
475.96,354.424,350.121
472.753,479.654,100.256
473.08,479.526,225.256
473.407,479.398,350.255
470.2,604.628,100.391
470.527,604.5,225.39
470.854,604.372,350.39
224.139,348.532,226.759
222.821,347.275,351.745
221.503,346.017,476.732
222.496,473.515,227.999
221.178,472.258,352.986
219.86,471,477.972
220.853,598.498,229.239
219.535,597.241,354.226
218.217,595.983,479.212
349.121,350.162,228.093
347.803,348.904,353.08
346.485,347.647,478.067
347.478,475.145,229.333
346.16,473.887,354.32
344.842,472.63,479.307
345.835,600.128,230.573
344.517,598.871,355.56
343.199,597.613,480.547
474.103,351.792,229.428
472.785,350.534,354.414
471.467,349.277,479.401
472.46,476.775,230.668
471.142,475.517,355.654
469.824,474.26,480.641
470.817,601.758,231.908
469.499,600.5,356.895
468.181,599.243,481.881
224.09,350.129,350.789
225.88,353.009,475.743
227.669,355.889,600.697
227.794,475.04,347.858
229.584,477.92,472.812
231.374,480.799,597.766
231.498,599.951,344.926
233.288,602.83,469.88
235.078,605.71,594.834
349.023,346.385,349.086
350.812,349.264,474.04
352.602,352.144,598.994
352.727,471.295,346.155
354.516,474.175,471.109
356.306,477.055,596.063
356.431,596.206,343.223
358.22,599.086,468.177
360.01,601.965,593.131
473.955,342.64,347.383
475.744,345.52,472.337
477.534,348.399,597.291
477.659,467.551,344.452
479.449,470.43,469.406
481.238,473.31,594.36
481.363,592.461,341.52
483.153,595.341,466.474
484.942,598.221,591.428
226.547,351.258,476.607
223.256,349.833,601.556
219.965,348.407,726.504
224.885,476.24,477.989
221.593,474.814,602.938
218.302,473.389,727.886
223.222,601.221,479.371
219.93,599.795,604.32
216.639,598.37,729.268
351.493,352.884,479.917
348.202,351.459,604.865
344.91,350.033,729.814
349.83,477.865,481.299
346.539,476.44,606.247
343.247,475.015,731.196
348.167,602.847,482.681
344.876,601.421,607.63
341.584,599.996,732.578
476.439,354.51,483.227
473.147,353.085,608.175
469.856,351.659,733.124
474.776,479.491,484.609
471.484,478.066,609.557
468.193,476.64,734.506
473.113,604.473,485.991
469.821,603.047,610.939
466.53,601.622,735.888
225.485,349.194,601.464
223.916,347.027,726.436
222.346,344.859,851.407
222.069,474.129,603.588
220.499,471.962,728.56
218.93,469.794,853.531
218.652,599.064,605.712
217.082,596.897,730.683
215.513,594.73,855.655
350.429,352.583,603.092
348.859,350.416,728.064
347.29,348.249,853.035
347.012,477.519,605.216
345.442,475.351,730.187
343.873,473.184,855.159
343.595,602.454,607.34
342.026,600.286,732.311
340.456,598.119,857.283
475.372,355.973,604.72
473.803,353.805,729.692
472.233,351.638,854.663
471.955,480.908,606.844
470.386,478.741,731.815
468.816,476.573,856.787
468.539,605.843,608.968
466.969,603.676,733.939
465.4,601.509,858.911
223.29,474.146,101.99
223.98,470.866,226.945
224.67,467.587,351.9
222.361,599.1,105.275
223.05,595.82,230.23
223.74,592.54,355.185
221.431,724.053,108.56
222.121,720.773,233.515
222.81,717.493,358.47
348.285,475.094,101.325
348.975,471.814,226.28
349.665,468.534,351.235
347.355,600.047,104.61
348.045,596.767,229.565
348.735,593.488,354.52
346.425,725.001,107.895
347.115,721.721,232.85
347.805,718.441,357.805
473.28,476.042,100.66
473.969,472.762,225.615
474.659,469.482,350.57
472.35,600.995,103.945
473.04,597.715,228.9
473.729,594.435,353.855
471.42,725.948,107.23
472.11,722.669,232.185
472.8,719.389,357.14
226.831,473.285,224.99
223.377,474.653,349.935
219.922,476.021,474.879
228.76,598.264,223.675
225.305,599.631,348.62
221.85,600.999,473.565
230.688,723.242,222.36
227.234,724.61,347.305
223.779,725.977,472.25
351.769,471.394,228.465
348.314,472.762,353.41
344.859,474.13,478.355
353.697,596.372,227.15
350.242,597.74,352.095
346.788,599.108,477.04
355.626,721.35,225.835
352.171,722.718,350.78
348.716,724.086,475.725
476.706,469.503,231.94
473.251,470.87,356.885
469.797,472.238,481.83
478.635,594.481,230.625
475.18,595.849,355.57
471.725,597.216,480.515
480.563,719.459,229.311
477.108,720.827,354.255
473.654,722.195,479.2
224.257,476.447,350.319
221.158,478.451,475.265
218.06,480.455,600.21
224.788,601.43,348.328
221.69,603.434,473.273
218.591,605.438,598.219
225.319,726.413,346.337
222.221,728.417,471.282
219.122,730.421,596.228
349.217,475.966,353.426
346.119,477.969,478.371
343.02,479.973,603.317
349.748,600.949,351.434
346.65,602.952,476.38
343.552,604.956,601.326
350.28,725.932,349.443
347.181,727.936,474.389
344.083,729.939,599.334
474.178,475.484,356.532
471.079,477.488,481.478
467.981,479.492,606.423
474.709,600.467,354.541
471.61,602.471,479.487
468.512,604.475,604.432
475.24,725.45,352.55
472.142,727.454,477.495
469.043,729.458,602.441
226.299,474.789,474.815
225.881,476.731,599.799
225.464,478.672,724.784
226.226,599.774,472.873
225.808,601.716,597.857
225.391,603.657,722.842
226.153,724.759,470.931
225.735,726.7,595.915
225.318,728.642,720.9
351.298,474.868,475.232
350.881,476.81,600.216
350.463,478.752,725.2
351.225,599.853,473.29
350.808,601.795,598.274
350.39,603.737,723.258
351.152,724.838,471.348
350.734,726.78,596.332
350.317,728.722,721.316
476.297,474.948,475.648
475.88,476.89,600.632
475.462,478.831,725.616
476.224,599.933,473.706
475.807,601.874,598.69
475.389,603.816,723.674
476.151,724.918,471.764
475.734,726.859,596.748
475.316,728.801,721.732
223.089,474.272,601.339
220.242,475.242,726.303
217.396,476.211,851.267
220.928,599.249,600.32
218.081,600.219,725.284
215.234,601.188,850.248
218.767,724.226,599.301
215.92,725.196,724.265
213.073,726.166,849.229
348.038,476.456,604.169
345.191,477.425,729.133
342.344,478.395,854.097
345.877,601.433,603.15
343.03,602.402,728.114
340.183,603.372,853.078
343.716,726.41,602.131
340.869,727.38,727.095
338.022,728.349,852.059
472.987,478.639,606.998
470.14,479.609,731.962
467.293,480.579,856.926
470.826,603.617,605.979
467.979,604.586,730.943
465.132,605.556,855.907
468.664,728.594,604.96
465.818,729.563,729.924
462.971,730.533,854.888
225.267,601.88,101.32
226.782,604.281,226.287
228.297,606.682,351.255
225.999,726.855,98.9095
227.514,729.256,223.877
229.029,731.657,348.845
226.73,851.829,96.4993
228.246,854.23,221.467
229.761,856.632,346.435
350.255,601.119,99.8186
351.771,603.52,224.786
353.286,605.922,349.754
350.987,726.094,97.4085
352.502,728.495,222.376
354.018,730.896,347.344
351.719,851.068,94.9984
353.234,853.47,219.966
354.75,855.871,344.934
475.244,600.358,98.3177
476.759,602.76,223.285
478.275,605.161,348.253
475.976,725.333,95.9075
477.491,727.734,220.875
479.006,730.135,345.843
476.708,850.308,93.4974
478.223,852.709,218.465
479.738,855.11,343.433
224.831,600.713,223.95
223.715,600.211,348.944
222.598,599.708,473.938
221.145,725.658,224.419
220.028,725.155,349.413
218.912,724.653,474.407
217.458,850.602,224.888
216.342,850.1,349.882
215.225,849.598,474.876
349.772,604.395,225.081
348.655,603.893,350.075
347.539,603.391,475.069
346.085,729.34,225.55
344.969,728.838,350.544
343.852,728.335,475.538
342.399,854.284,226.019
341.282,853.782,351.013
340.166,853.28,476.007
474.713,608.077,226.212
473.596,607.575,351.206
472.479,607.073,476.2
471.026,733.022,226.681
469.909,732.52,351.675
468.793,732.017,476.669
467.339,857.967,227.15
466.223,857.464,352.144
465.106,856.962,477.138
226.986,598.18,350.899
224.717,597.215,475.875
222.447,596.25,600.85
227.529,723.175,351.874
225.259,722.21,476.85
222.99,721.245,601.825
228.071,848.17,352.849
225.802,847.205,477.825
223.532,846.24,602.8
351.965,597.62,353.164
349.695,596.655,478.14
347.425,595.69,603.116
352.507,722.615,354.139
350.237,721.65,479.115
347.968,720.685,604.091
353.05,847.61,355.114
350.78,846.645,480.09
348.51,845.68,605.066
476.943,597.06,355.43
474.673,596.095,480.405
472.404,595.13,605.381
477.485,722.055,356.405
475.216,721.09,481.38
472.946,720.125,606.356
478.028,847.05,357.38
475.758,846.085,482.355
473.489,845.12,607.331
224.059,599.89,475.017
220.416,598.298,599.954
216.772,596.706,724.891
224.988,724.876,476.637
221.344,723.284,601.574
217.7,721.692,726.51
225.916,849.862,478.256
222.273,848.27,603.193
218.629,846.678,728.13
349.003,598.914,478.649
345.359,597.323,603.585
341.715,595.731,728.522
349.931,723.901,480.268
346.288,722.309,605.205
342.644,720.717,730.142
350.86,848.887,481.888
347.216,847.295,606.825
343.572,845.703,731.761
473.946,597.939,482.28
470.302,596.347,607.217
466.659,594.756,732.154
474.875,722.925,483.9
471.231,721.333,608.836
467.587,719.742,733.773
475.803,847.911,485.519
472.159,846.32,610.456
468.516,844.728,735.393
224.295,599.951,599.29
222.873,597.426,724.256
221.451,594.9,849.223
225.267,724.922,601.827
223.846,722.396,726.793
222.424,719.871,851.76
226.24,849.892,604.364
224.818,847.367,729.33
223.396,844.841,854.296
349.283,598.95,600.692
347.861,596.425,725.658
346.439,593.899,850.625
350.256,723.921,603.229
348.834,721.395,728.195
347.412,718.869,853.161
351.228,848.891,605.765
349.806,846.365,730.732
348.384,843.84,855.698
474.271,597.949,602.094
472.849,595.423,727.06
471.427,592.898,852.026
475.244,722.919,604.63
473.822,720.394,729.597
472.4,717.868,854.563
476.216,847.89,607.167
474.794,845.364,732.134
473.373,842.839,857.1
348.831,99.7336,99.8106
352.521,98.0253,224.744
356.211,96.3171,349.678
350.805,224.707,101.461
354.495,222.999,226.395
358.185,221.291,351.329
352.779,349.681,103.112
356.469,347.972,228.046
360.159,346.264,352.979
473.761,97.8098,96.0944
477.451,96.1015,221.028
481.141,94.3932,345.962
475.735,222.783,97.7449
479.425,221.075,222.679
483.115,219.367,347.613
477.709,347.757,99.3954
481.399,346.049,224.329
485.089,344.34,349.263
598.691,95.8859,92.3782
602.381,94.1776,217.312
606.071,92.4693,342.246
600.665,220.859,94.0287
604.355,219.151,218.963
608.045,217.443,343.896
602.639,345.833,95.6792
606.329,344.125,220.613
610.019,342.416,345.547
350.05,99.8001,223.127
350.781,103.406,348.073
351.512,107.012,473.019
351.499,224.739,219.513
352.231,228.345,344.459
352.962,231.951,469.405
352.949,349.679,215.899
353.68,353.285,340.845
354.411,356.89,465.791
475.039,98.3298,222.438
475.77,101.936,347.384
476.501,105.542,472.33
476.489,223.269,218.824
477.22,226.875,343.77
477.951,230.481,468.716
477.939,348.208,215.21
478.67,351.814,340.156
479.401,355.42,465.102
600.029,96.8596,221.749
600.76,100.465,346.695
601.491,104.071,471.641
601.478,221.799,218.135
602.209,225.405,343.081
602.941,229.011,468.027
602.928,346.738,214.521
603.659,350.344,339.467
604.39,353.95,464.413
348.427,101.491,349.192
351.105,99.6153,474.15
353.782,97.7396,599.107
348.048,226.476,351.077
350.726,224.601,476.034
353.403,222.725,600.991
347.669,351.461,352.961
350.346,349.586,477.918
353.024,347.71,602.875
473.398,101.911,346.521
476.076,100.035,471.478
478.753,98.159,596.435
473.019,226.896,348.405
475.696,225.02,473.362
478.374,223.144,598.32
472.64,351.881,350.29
475.317,350.005,475.247
477.994,348.129,600.204
598.369,102.33,343.85
601.046,100.454,468.807
603.724,98.5785,593.764
597.99,227.315,345.734
600.667,225.439,470.691
603.344,223.564,595.648
597.61,352.3,347.618
600.288,350.425,472.575
602.965,348.549,597.533
349.603,99.008,475.053
350.784,100.758,600.035
351.965,102.508,725.018
346.775,223.964,473.331
347.956,225.714,598.313
349.137,227.464,723.295
343.948,348.92,471.608
345.129,350.67,596.59
346.31,352.42,721.572
474.565,101.819,473.833
475.746,103.569,598.815
476.928,105.319,723.797
471.738,226.775,472.11
472.919,228.525,597.093
474.1,230.275,722.075
468.91,351.731,470.388
470.091,353.481,595.37
471.272,355.231,720.352
599.528,104.63,472.613
600.709,106.38,597.595
601.89,108.13,722.577
596.7,229.586,470.89
597.881,231.336,595.872
599.062,233.086,720.854
593.872,354.542,469.167
595.053,356.292,594.15
596.234,358.042,719.132
351.479,100.256,598.937
347.714,97.8978,723.858
343.949,95.54,848.779
353.595,225.214,601.359
349.83,222.856,726.28
346.065,220.499,851.201
355.711,350.173,603.781
351.946,347.815,728.702
348.181,345.457,853.623
476.404,98.0679,602.66
472.639,95.7101,727.581
468.874,93.3524,852.503
478.52,223.027,605.083
474.755,220.669,730.004
470.99,218.311,854.925
480.636,347.985,607.505
476.871,345.627,732.426
473.106,343.27,857.347
601.329,95.8802,606.384
597.564,93.5225,731.305
593.799,91.1647,856.226
603.445,220.839,608.807
599.68,218.481,733.728
595.915,216.123,858.649
605.561,345.797,611.229
601.796,343.44,736.15
598.031,341.082,861.071
348.64,223.119,99.1176
347.258,222.604,224.109
345.877,222.089,349.1
348.943,348.118,99.6362
347.562,347.603,224.628
346.18,347.088,349.619
349.246,473.117,100.155
347.865,472.601,225.146
346.484,472.086,350.137
473.632,222.81,100.498
472.25,222.295,225.489
470.869,221.78,350.48
473.935,347.809,101.016
472.554,347.294,226.008
471.172,346.779,350.999
474.238,472.807,101.535
472.857,472.292,226.526
471.476,471.777,351.517
598.624,222.501,101.878
597.242,221.986,226.869
595.861,221.471,351.86
598.927,347.5,102.396
597.546,346.985,227.387
596.164,346.469,352.379
599.23,472.498,102.915
597.849,471.983,227.906
596.468,471.468,352.897
351.858,225.711,225.952
348.438,224.755,350.901
345.017,223.799,475.851
353.784,350.692,226.961
350.364,349.736,351.91
346.944,348.78,476.86
355.711,475.673,227.97
352.291,474.717,352.919
348.871,473.761,477.869
476.796,223.757,229.356
473.376,222.801,354.306
469.956,221.845,479.256
478.723,348.738,230.365
475.303,347.783,355.315
471.882,346.827,480.265
480.649,473.72,231.374
477.229,472.764,356.324
473.809,471.808,481.274
601.734,221.804,232.761
598.314,220.848,357.711
594.894,219.892,482.66
603.661,346.785,233.77
600.241,345.829,358.72
596.821,344.873,483.669
605.588,471.766,234.779
602.167,470.81,359.729
598.747,469.854,484.678
351.491,224.677,351.728
354.391,222.224,476.671
357.291,219.771,601.613
350.617,349.65,354.203
353.517,347.196,479.145
356.417,344.743,604.087
349.743,474.622,356.677
352.643,472.169,481.619
355.543,469.716,606.561
476.454,225.608,348.846
479.354,223.155,473.788
482.254,220.702,598.731
475.58,350.581,351.32
478.48,348.127,476.263
481.38,345.674,601.205
474.706,475.553,353.794
477.606,473.1,478.737
480.506,470.647,603.679
601.417,226.539,345.964
604.317,224.086,470.906
607.217,221.633,595.848
600.543,351.512,348.438
603.443,349.059,473.38
606.343,346.605,598.322
599.669,476.484,350.912
602.569,474.031,475.854
605.469,471.578,600.797
349.901,223.22,475.894
349.977,219.964,600.852
350.052,216.708,725.809
352.719,348.145,479.147
352.794,344.89,604.105
352.869,341.634,729.062
355.537,473.071,482.4
355.612,469.816,607.358
355.687,466.56,732.315
474.87,220.405,475.746
474.945,217.149,600.703
475.02,213.893,725.661
477.687,345.331,478.999
477.762,342.075,603.956
477.838,338.819,728.914
480.505,470.257,482.252
480.58,467.001,607.209
480.655,463.745,732.167
599.838,217.59,475.597
599.913,214.334,600.555
599.988,211.079,725.512
602.656,342.516,478.85
602.731,339.26,603.808
602.806,336.005,728.765
605.473,467.442,482.103
605.548,464.186,607.061
605.624,460.93,732.018
351.052,225.007,599.251
347.61,228.209,724.162
344.167,231.411,849.074
349.992,349.96,596.018
346.549,353.163,720.93
343.107,356.365,845.841
348.932,474.914,592.786
345.489,478.116,717.697
342.047,481.319,842.609
476,226.155,602.665
472.558,229.358,727.576
469.115,232.56,852.488
474.94,351.109,599.432
471.497,354.311,724.344
468.055,357.514,849.255
473.88,476.063,596.2
470.437,479.265,721.111
466.995,482.467,846.023
600.948,227.304,606.079
597.506,230.506,730.99
594.063,233.708,855.902
599.888,352.257,602.846
596.446,355.46,727.758
593.003,358.662,852.669
598.828,477.211,599.613
595.385,480.413,724.525
591.943,483.616,849.437
348.247,350.037,100.122
349.285,353.113,225.08
350.322,356.189,350.038
346.634,474.989,97.0593
347.672,478.065,222.017
348.71,481.141,346.975
345.022,599.941,93.9967
346.06,603.017,218.955
347.098,606.093,343.912
473.232,351.623,99.0448
474.27,354.699,224.003
475.308,357.775,348.96
471.62,476.575,95.9822
472.658,479.651,220.94
473.695,482.727,345.898
470.007,601.527,92.9195
471.045,604.603,217.877
472.083,607.679,342.835
598.217,353.209,97.9676
599.255,356.286,222.925
600.293,359.362,347.883
596.605,478.161,94.905
597.643,481.238,219.863
598.681,484.314,344.821
594.993,603.114,91.8424
596.03,606.19,216.8
597.068,609.266,341.758
351.629,350.961,226.5
347.963,348.449,351.421
344.297,345.937,476.341
354.354,475.904,229.092
350.688,473.392,354.013
347.023,470.88,478.934
357.08,600.848,231.685
353.414,598.336,356.606
349.748,595.823,481.527
476.545,348.161,230.109
472.88,345.649,355.03
469.214,343.137,479.951
479.271,473.105,232.702
475.605,470.592,357.623
471.939,468.08,482.543
481.996,598.048,235.294
478.33,595.536,360.215
474.665,593.024,485.136
601.462,345.362,233.718
597.796,342.849,358.639
594.13,340.337,483.56
604.187,470.305,236.311
600.522,467.793,361.232
596.856,465.281,486.153
606.913,595.248,238.904
603.247,592.736,363.824
599.581,590.224,488.745
348.14,351.544,351.24
349.865,353.085,476.219
351.59,354.626,601.197
347.26,476.531,349.711
348.985,478.073,474.69
350.71,479.614,599.668
346.38,601.519,348.182
348.105,603.06,473.161
349.83,604.601,598.139
473.125,352.403,349.504
474.85,353.944,474.483
476.575,355.485,599.461
472.245,477.39,347.975
473.97,478.931,472.954
475.695,480.472,597.932
471.365,602.378,346.446
473.09,603.919,471.425
474.815,605.46,596.403
598.11,353.261,347.768
599.835,354.802,472.747
601.56,356.343,597.725
597.23,478.249,346.239
598.955,479.79,471.218
600.68,481.331,596.196
596.35,603.237,344.71
598.075,604.778,469.689
599.8,606.319,594.667
348.561,349.372,474.342
347.593,346.164,599.297
346.626,342.956,724.252
351.396,474.298,477.57
350.428,471.09,602.525
349.46,467.883,727.48
354.231,599.224,480.799
353.263,596.016,605.754
352.295,592.809,730.709
473.526,346.513,475.236
472.558,343.305,600.191
471.59,340.098,725.146
476.36,471.439,478.465
475.392,468.231,603.42
474.425,465.024,728.375
479.195,596.365,481.694
478.227,593.157,606.649
477.259,589.95,731.604
598.49,343.654,476.131
597.522,340.446,601.086
596.554,337.239,726.041
601.325,468.58,479.36
600.357,465.372,604.315
599.389,462.165,729.27
604.159,593.506,482.588
603.192,590.298,607.543
602.224,587.091,732.498
350.317,348.241,599.301
349.138,348.753,724.295
347.958,349.265,849.288
349.418,473.237,598.781
348.239,473.749,723.774
347.059,474.261,848.768
348.519,598.232,598.26
347.34,598.744,723.254
346.161,599.256,848.247
475.308,349.145,600.477
474.129,349.657,725.47
472.949,350.169,850.464
474.409,474.141,599.957
473.23,474.652,724.95
472.051,475.164,849.943
473.511,599.136,599.436
472.331,599.648,724.43
471.152,600.16,849.423
600.299,350.049,601.653
599.12,350.561,726.646
597.941,351.073,851.64
599.401,475.044,601.132
598.221,475.556,726.126
597.042,476.068,851.119
598.502,600.04,600.612
597.322,600.552,725.605
596.143,601.064,850.599
348.463,474.121,101.247
347.572,475.622,226.234
346.681,477.124,351.222
349.452,599.108,99.7519
348.561,600.61,224.74
347.67,602.111,349.728
350.441,724.095,98.2573
349.55,725.597,223.245
348.659,727.098,348.233
473.456,473.142,102.149
472.565,474.644,227.137
471.674,476.146,352.125
474.445,598.13,100.655
473.554,599.631,225.642
472.663,601.133,350.63
475.434,723.117,99.1601
474.543,724.618,224.148
473.652,726.12,349.136
598.449,472.164,103.052
597.558,473.666,228.04
596.667,475.167,353.028
599.438,597.151,101.557
598.547,598.653,226.545
597.656,600.155,351.533
600.427,722.138,100.063
599.536,723.64,225.051
598.645,725.142,350.038
351.242,475.603,226.82
352.777,478.746,351.771
354.312,481.89,476.722
350.623,600.562,223.684
352.158,603.706,348.635
353.693,606.849,473.586
350.005,725.521,220.548
351.54,728.665,345.499
353.075,731.808,470.45
476.231,476.182,225.27
477.766,479.326,350.221
479.301,482.47,475.172
475.613,601.141,222.134
477.147,604.285,347.085
478.682,607.429,472.036
474.994,726.1,218.998
476.529,729.244,343.949
478.064,732.388,468.9
601.22,476.762,223.72
602.755,479.905,348.671
604.29,483.049,473.622
600.602,601.721,220.584
602.137,604.864,345.535
603.672,608.008,470.486
599.983,726.68,217.448
601.518,729.824,342.399
603.053,732.967,467.35
349.531,473.457,349.108
347.737,473.595,474.095
345.944,473.733,599.082
350.311,598.454,348.981
348.517,598.592,473.968
346.723,598.73,598.955
351.09,723.452,348.854
349.296,723.59,473.841
347.502,723.728,598.828
474.516,472.679,350.902
472.722,472.817,475.889
470.928,472.956,600.876
475.295,597.677,350.775
473.501,597.815,475.763
471.707,597.953,600.75
476.074,722.674,350.649
474.28,722.813,475.636
472.486,722.951,600.623
599.501,471.902,352.697
597.707,472.04,477.684
595.913,472.178,602.671
600.28,596.9,352.57
598.486,597.038,477.557
596.692,597.176,602.544
601.059,721.897,352.443
599.265,722.035,477.43
597.471,722.173,602.417
349.92,475.261,474.428
346.921,477.755,599.367
343.923,480.249,724.306
350.19,600.236,471.94
347.191,602.73,596.879
344.192,605.224,721.818
350.46,725.211,469.451
347.461,727.705,594.391
344.462,730.199,719.33
474.884,475.051,477.432
471.885,477.545,602.371
468.886,480.039,727.31
475.154,600.026,474.943
472.155,602.52,599.883
469.156,605.014,724.822
475.424,725.001,472.455
472.425,727.495,597.394
469.426,729.989,722.333
599.848,474.841,480.435
596.849,477.335,605.374
593.85,479.829,730.314
600.118,599.816,477.947
597.119,602.31,602.886
594.12,604.804,727.825
600.387,724.791,475.459
597.389,727.285,600.398
594.39,729.779,725.337
348.563,473.118,601.503
351.396,475.376,726.451
354.23,477.634,851.398
346.16,598.076,599.3
348.994,600.334,724.247
351.828,602.591,849.195
343.758,723.033,597.097
346.592,725.291,722.044
349.425,727.549,846.991
473.507,475.47,598.627
476.341,477.728,723.575
479.175,479.985,848.522
471.105,600.427,596.424
473.939,602.685,721.371
476.773,604.943,846.319
468.703,725.385,594.22
471.536,727.642,719.168
474.37,729.9,844.115
598.452,477.821,595.751
601.286,480.079,720.699
604.12,482.337,845.646
596.05,602.779,593.548
598.884,605.036,718.495
601.717,607.294,843.443
593.647,727.736,591.344
596.481,729.994,716.292
599.315,732.252,841.239
348.587,600.228,100.1
346.573,598.048,225.065
344.56,595.868,350.03
346.993,725.2,102.255
344.98,723.019,227.219
342.967,720.839,352.184
345.4,850.171,104.409
343.387,847.991,229.374
341.374,845.81,354.339
473.56,601.786,102.141
471.547,599.606,227.105
469.534,597.426,352.07
471.967,726.758,104.295
469.954,724.577,229.26
467.941,722.397,354.225
470.374,851.729,106.45
468.361,849.549,231.415
466.347,847.369,356.379
598.534,603.345,104.181
596.521,601.164,229.146
594.507,598.984,354.111
596.941,728.316,106.336
594.927,726.136,231.301
592.914,723.955,356.265
595.347,853.287,108.49
593.334,851.107,233.455
591.321,848.927,358.42
349.944,600.678,223.74
346.668,603.989,348.653
343.393,607.3,473.566
349.916,725.634,220.427
346.64,728.945,345.34
343.365,732.256,470.254
349.888,850.59,217.114
346.613,853.901,342.028
343.337,857.212,466.941
474.901,600.793,227.013
471.625,604.104,351.927
468.35,607.415,476.84
474.873,725.749,223.701
471.597,729.06,348.614
468.322,732.371,473.527
474.845,850.705,220.388
471.57,854.016,345.301
468.294,857.327,470.214
599.858,600.908,230.287
596.582,604.219,355.2
593.307,607.53,480.113
599.83,725.864,226.974
596.555,729.175,351.887
593.279,732.486,476.8
599.802,850.82,223.661
596.527,854.131,348.574
593.251,857.442,473.488
349.095,599.738,350.899
350.787,595.984,475.831
352.48,592.229,600.763
352.236,724.644,354.61
353.928,720.889,479.542
355.621,717.134,604.474
355.377,849.549,358.322
357.069,845.794,483.254
358.762,842.04,608.186
474.044,596.649,349.113
475.736,592.895,474.045
477.429,589.14,598.977
477.185,721.555,352.824
478.877,717.8,477.756
480.57,714.045,602.688
480.326,846.46,356.536
482.019,842.705,481.468
483.711,838.951,606.4
598.993,593.56,347.327
600.686,589.806,472.259
602.378,586.051,597.191
602.134,718.466,351.038
603.827,714.711,475.97
605.519,710.956,600.902
605.275,843.371,354.75
606.968,839.616,479.682
608.66,835.862,604.614
348.693,599.691,474.977
346.351,603.331,599.902
344.009,606.971,724.827
345.876,724.605,471.284
343.534,728.245,596.209
341.192,731.885,721.134
343.058,849.519,467.592
340.716,853.159,592.517
338.374,856.799,717.442
473.639,602.576,477.235
471.297,606.216,602.16
468.956,609.856,727.085
470.822,727.49,473.542
468.48,731.13,598.467
466.138,734.77,723.393
468.004,852.404,469.85
465.663,856.044,594.775
463.321,859.684,719.7
598.586,605.461,479.493
596.244,609.101,604.418
593.902,612.741,729.343
595.768,730.375,475.801
593.426,734.015,600.726
591.084,737.655,725.651
592.951,855.289,472.108
590.609,858.929,597.033
588.267,862.569,721.958
350.436,600.106,599.105
354.073,602.861,724.022
357.71,605.616,848.939
347.93,725.052,596.423
351.567,727.807,721.339
355.204,730.562,846.256
345.424,849.999,593.74
349.061,852.753,718.657
352.698,855.508,843.573
475.358,602.533,595.415
478.995,605.288,720.331
482.632,608.043,845.248
472.852,727.479,592.732
476.489,730.234,717.649
480.126,732.989,842.565
470.346,852.425,590.049
473.983,855.18,714.966
477.62,857.935,839.883
600.28,604.959,591.724
603.917,607.714,716.641
607.554,610.469,841.557
597.774,729.905,589.041
601.411,732.66,713.958
605.048,735.415,838.875
595.268,854.851,586.359
598.905,857.606,711.276
602.542,860.361,836.192
473.028,101.011,98.5037
473.133,101.775,223.501
473.237,102.539,348.499
472.062,226.005,97.7403
472.166,226.769,222.738
472.271,227.533,347.736
471.095,350.999,96.977
471.2,351.763,221.975
471.304,352.527,346.972
598.025,101.977,98.3932
598.129,102.741,223.391
598.234,103.505,348.388
597.058,226.971,97.6299
597.162,227.735,222.628
597.267,228.499,347.625
596.091,351.965,96.8665
596.196,352.729,221.864
596.3,353.493,346.862
723.021,102.943,98.2828
723.125,103.707,223.28
723.23,104.471,348.278
722.054,227.937,97.5194
722.159,228.701,222.517
722.263,229.465,347.515
721.088,352.931,96.7561
721.192,353.695,221.754
721.297,354.459,346.751
473.479,100.356,226.179
473.793,99.3793,351.174
474.108,98.4028,476.17
471.679,225.339,227.16
471.993,224.363,352.155
472.308,223.386,477.151
469.879,350.322,228.141
470.193,349.346,353.136
470.508,348.369,478.132
598.466,102.158,225.878
598.78,101.182,350.874
599.095,100.205,475.87
596.665,227.142,226.859
596.98,226.165,351.855
597.295,225.188,476.851
594.865,352.125,227.84
595.18,351.148,352.836
595.494,350.172,477.832
723.452,103.961,225.578
723.767,102.984,350.574
724.081,102.008,475.569
721.652,228.944,226.559
721.967,227.967,351.555
722.281,226.991,476.55
719.852,353.927,227.54
720.167,352.951,352.536
720.481,351.974,477.531
476.688,101.321,349.379
475.119,101.86,474.368
473.551,102.4,599.357
476.528,226.32,348.837
474.96,226.859,473.826
473.391,227.399,598.815
476.369,351.318,348.295
474.801,351.858,473.284
473.232,352.397,598.273
601.678,101.487,350.946
600.109,102.026,475.935
598.541,102.566,600.924
601.518,226.485,350.405
599.95,227.025,475.394
598.382,227.565,600.383
601.359,351.484,349.863
599.791,352.024,474.852
598.222,352.563,599.841
726.668,101.653,352.514
725.099,102.192,477.503
723.531,102.732,602.492
726.509,226.651,351.973
724.94,227.191,476.962
723.372,227.73,601.951
726.349,351.65,351.431
724.781,352.19,476.42
723.212,352.729,601.409
474.412,101.512,473.163
472.356,99.2929,598.126
470.3,97.0737,723.09
472.006,226.47,475.342
469.95,224.251,600.306
467.894,222.032,725.269
469.6,351.428,477.522
467.544,349.209,602.485
465.488,346.989,727.449
599.372,103.881,475.261
597.316,101.662,600.224
595.26,99.443,725.188
596.966,228.839,477.44
594.91,226.62,602.404
592.854,224.401,727.367
594.56,353.797,479.62
592.504,351.578,604.583
590.448,349.359,729.547
724.332,106.251,477.359
722.276,104.031,602.322
720.22,101.812,727.286
721.926,231.208,479.538
719.87,228.989,604.502
717.814,226.77,729.465
719.52,356.166,481.718
717.464,353.947,606.681
715.408,351.728,731.645
475.814,101.86,601.158
472.438,100.831,726.109
469.061,99.8011,851.059
472.059,226.8,602.086
468.682,225.771,727.037
465.306,224.741,851.987
468.303,351.74,603.014
464.926,350.711,727.965
461.55,349.681,852.915
600.712,105.589,604.564
597.336,104.56,729.515
593.959,103.53,854.465
596.957,230.53,605.492
593.58,229.5,730.442
590.203,228.47,855.393
593.201,355.47,606.42
589.824,354.44,731.37
586.448,353.411,856.321
725.61,109.319,607.97
722.234,108.289,732.92
718.857,107.26,857.871
721.854,234.259,608.898
718.478,233.229,733.848
715.101,232.2,858.799
718.099,359.199,609.826
714.722,358.169,734.776
711.346,357.14,859.727
475.652,223.989,98.8826
472.886,224.375,223.851
470.119,224.761,348.82
476.99,348.982,98.5261
474.224,349.368,223.495
471.458,349.754,348.464
478.329,473.974,98.1696
475.563,474.36,223.138
472.796,474.746,348.107
600.614,222.659,101.653
597.848,223.045,226.621
595.082,223.431,351.59
601.952,347.651,101.296
599.186,348.037,226.265
596.42,348.424,351.234
603.291,472.644,100.94
600.525,473.03,225.909
597.759,473.416,350.877
725.576,221.329,104.423
722.81,221.715,229.392
720.044,222.101,354.36
726.915,346.321,104.066
724.148,346.707,229.035
721.382,347.093,354.004
728.253,471.314,103.71
725.487,471.7,228.679
722.721,472.086,353.647
475.713,224.769,225.987
478.298,224.862,350.96
480.884,224.955,475.933
475.88,349.768,225.89
478.466,349.862,350.863
481.051,349.955,475.836
476.047,474.768,225.793
478.633,474.861,350.766
481.218,474.955,475.74
600.686,224.599,223.401
603.272,224.693,348.374
605.857,224.786,473.347
600.853,349.599,223.304
603.439,349.692,348.277
606.024,349.786,473.251
601.02,474.599,223.208
603.606,474.692,348.181
606.192,474.786,473.154
725.659,224.43,220.815
728.245,224.524,345.789
730.83,224.617,470.762
725.826,349.43,220.719
728.412,349.523,345.692
730.998,349.617,470.665
725.993,474.43,220.622
728.579,474.523,345.595
731.165,474.616,470.568
476.842,225.443,349.548
474.237,225.52,474.521
471.632,225.597,599.493
476.555,350.442,349.465
473.95,350.519,474.438
471.345,350.596,599.41
476.268,475.442,349.382
473.663,475.519,474.355
471.058,475.596,599.327
601.814,225.731,352.153
599.209,225.808,477.125
596.604,225.885,602.098
601.528,350.731,352.07
598.922,350.808,477.042
596.317,350.884,602.015
601.241,475.73,351.987
598.636,475.807,476.96
596.031,475.884,601.932
726.787,226.019,354.758
724.182,226.096,479.73
721.577,226.173,604.703
726.5,351.019,354.675
723.895,351.096,479.647
721.29,351.173,604.62
726.213,476.018,354.592
723.608,476.095,479.564
721.003,476.172,604.537
473.472,223.188,475.216
471.132,221.791,600.186
468.793,220.394,725.157
476.242,348.149,476.664
473.903,346.752,601.635
471.563,345.355,726.605
479.013,473.109,478.113
476.673,471.713,603.083
474.334,470.316,728.053
598.419,220.391,477.524
596.08,218.994,602.494
593.74,217.597,727.464
601.19,345.352,478.972
598.85,343.955,603.942
596.51,342.558,728.913
603.96,470.313,480.421
601.62,468.916,605.391
599.281,467.519,730.361
723.366,217.594,479.832
721.027,216.197,604.802
718.687,214.801,729.772
726.137,342.555,481.28
723.797,341.158,606.25
721.458,339.761,731.221
728.907,467.516,482.728
726.568,466.119,607.699
724.228,464.722,732.669
473.192,224.594,599.743
472.975,225.143,724.742
472.758,225.692,849.74
473.409,349.593,599.195
473.192,350.142,724.193
472.975,350.691,849.192
473.625,474.592,598.646
473.408,475.141,723.645
473.191,475.69,848.643
598.192,224.379,599.961
597.975,224.928,724.96
597.757,225.477,849.958
598.408,349.377,599.413
598.191,349.926,724.411
597.974,350.475,849.41
598.625,474.376,598.864
598.408,474.925,723.863
598.191,475.474,848.861
723.191,224.163,600.179
722.974,224.712,725.178
722.757,225.261,850.176
723.408,349.162,599.631
723.191,349.71,724.629
722.974,350.259,849.628
723.625,474.16,599.082
723.408,474.709,724.081
723.191,475.258,849.079
475.541,348.37,100.472
473.79,349.856,225.451
472.038,351.342,350.43
476.265,473.359,98.9963
474.513,474.845,223.975
472.762,476.331,348.954
476.988,598.348,97.52
475.237,599.834,222.499
473.485,601.321,347.478
600.527,347.667,102.232
598.775,349.153,227.211
597.024,350.64,352.19
601.25,472.656,100.756
599.499,474.143,225.735
597.747,475.629,350.714
601.974,597.645,99.2799
600.222,599.132,224.259
598.471,600.618,349.238
725.512,346.964,103.992
723.761,348.451,228.971
722.009,349.937,353.95
726.236,471.954,102.516
724.484,473.44,227.495
722.733,474.926,352.474
726.959,596.943,101.04
725.208,598.429,226.019
723.457,599.915,350.998
476.38,350.412,226.478
480.025,348.526,351.411
483.671,346.639,476.343
477.684,475.391,228.327
481.33,473.505,353.26
484.975,471.619,478.192
478.989,600.371,230.176
482.635,598.485,355.108
486.28,596.598,480.041
601.32,349.162,222.814
604.965,347.275,347.746
608.611,345.389,472.679
602.625,474.141,224.662
606.27,472.255,349.595
609.915,470.369,474.528
603.929,599.121,226.511
607.575,597.235,351.444
611.22,595.348,476.376
726.26,347.912,219.149
729.905,346.025,344.082
733.551,344.139,469.014
727.565,472.891,220.998
731.21,471.005,345.93
734.856,469.119,470.863
728.869,597.871,222.847
732.515,595.984,347.779
736.16,594.098,472.712
474.422,349.153,351.138
476.874,346.761,476.091
479.326,344.37,601.044
472.463,474.114,353.568
474.914,471.722,478.521
477.366,469.331,603.474
470.503,599.075,355.998
472.955,596.683,480.951
475.406,594.292,605.904
599.383,351.159,348.724
601.835,348.768,473.678
604.286,346.376,598.631
597.423,476.12,351.154
599.875,473.729,476.107
602.327,471.337,601.061
595.464,601.081,353.584
597.915,598.69,478.537
600.367,596.298,603.491
724.344,353.166,346.311
726.795,350.774,471.264
729.247,348.383,596.217
722.384,478.127,348.741
724.836,475.735,473.694
727.287,473.344,598.647
720.424,603.088,351.171
722.876,600.696,476.124
725.328,598.305,601.077
474.038,349.888,475.069
475.493,351.73,600.047
476.949,353.573,725.025
471.554,474.85,473.255
473.009,476.693,598.233
474.465,478.535,723.211
469.07,599.812,471.442
470.526,601.655,596.42
471.981,603.498,721.397
599.004,352.35,473.577
600.46,354.193,598.555
601.916,356.036,723.533
596.521,477.312,471.763
597.976,479.155,596.741
599.432,480.998,721.719
594.037,602.274,469.95
595.492,604.117,594.928
596.948,605.96,719.906
723.971,354.812,472.085
725.427,356.655,597.063
726.883,358.498,722.041
721.487,479.775,470.271
722.943,481.617,595.249
724.399,483.46,720.227
719.004,604.737,468.458
720.459,606.58,593.436
721.915,608.422,718.414
476.251,349.333,600.147
474.357,351.285,725.117
472.462,353.238,850.087
474.27,474.301,598.164
472.375,476.254,723.134
470.481,478.206,848.105
472.288,599.27,596.182
470.394,601.223,721.152
468.499,603.175,846.122
601.221,351.344,602.01
599.326,353.296,726.98
597.432,355.249,851.95
599.239,476.312,600.027
597.345,478.265,724.997
595.451,480.218,849.968
597.258,601.281,598.045
595.364,603.234,723.015
593.469,605.186,847.985
726.191,353.355,603.873
724.296,355.307,728.843
722.402,357.26,853.813
724.209,478.324,601.89
722.315,480.276,726.861
720.42,482.229,851.831
722.228,603.292,599.908
720.333,605.245,724.878
718.439,607.197,849.848
474.458,474.199,100.812
471.673,473.865,225.781
468.888,473.532,350.749
477.88,599.151,101.222
475.095,598.818,226.19
472.31,598.485,351.159
481.303,724.103,101.631
478.518,723.77,226.599
475.732,723.437,351.568
599.38,470.768,103.587
596.595,470.435,228.556
593.81,470.102,353.524
602.803,595.721,103.996
600.017,595.388,228.965
597.232,595.054,353.934
606.225,720.673,104.406
603.44,720.34,229.374
600.655,720.007,354.343
724.303,467.338,106.362
721.517,467.005,231.331
718.732,466.672,356.299
727.725,592.29,106.771
724.94,591.957,231.74
722.155,591.624,356.708
731.147,717.243,107.181
728.362,716.91,232.149
725.577,716.576,357.118
475.128,475.225,225.583
471.716,473.081,350.518
468.305,470.938,475.453
475.804,600.204,227.745
472.392,598.061,352.68
468.98,595.917,477.615
476.48,725.184,229.908
473.068,723.04,354.843
469.656,720.897,479.778
600.08,474.49,228.982
596.668,472.347,353.917
593.256,470.203,478.852
600.755,599.47,231.145
597.344,597.326,356.08
593.932,595.183,481.015
601.431,724.449,233.308
598.019,722.306,358.243
594.608,720.162,483.178
725.031,473.756,232.382
721.62,471.612,357.317
718.208,469.469,482.252
725.707,598.735,234.545
722.295,596.592,359.48
718.884,594.448,484.415
726.383,723.715,236.707
722.971,721.571,361.642
719.559,719.428,486.577
476.79,474.755,351.127
473.338,477.633,476.046
469.886,480.511,600.965
477.69,599.719,348.273
474.238,602.597,473.192
470.786,605.475,598.111
478.591,724.683,345.418
475.139,727.561,470.338
471.687,730.44,595.257
601.739,473.934,354.599
598.287,476.812,479.518
594.835,479.69,604.437
602.64,598.898,351.745
599.188,601.776,476.664
595.735,604.654,601.583
603.54,723.862,348.89
600.088,726.74,473.809
596.636,729.619,598.729
726.688,473.113,358.071
723.236,475.991,482.99
719.784,478.869,607.909
727.589,598.077,355.216
724.137,600.955,480.136
720.685,603.833,605.055
728.489,723.041,352.362
725.037,725.919,477.281
721.585,728.798,602.2
473.022,473.951,474.013
469.395,471.333,598.933
465.768,468.714,723.853
473.877,598.92,476.657
470.251,596.302,601.577
466.624,593.684,726.497
474.733,723.889,479.301
471.106,721.271,604.221
467.479,718.653,729.141
597.966,473.019,477.621
594.339,470.401,602.541
590.712,467.783,727.461
598.822,597.988,480.265
595.195,595.37,605.185
591.568,592.752,730.105
599.678,722.957,482.909
596.051,720.339,607.829
592.424,717.721,732.749
722.911,472.087,481.229
719.284,469.469,606.149
715.657,466.851,731.069
723.766,597.056,483.873
720.139,594.438,608.793
716.513,591.82,733.713
724.622,722.026,486.517
720.995,719.407,611.437
717.368,716.789,736.357
476.878,473.933,599.761
478.098,476.579,724.727
479.318,479.226,849.693
473.249,598.853,597.151
474.469,601.499,722.117
475.689,604.146,847.083
469.619,723.773,594.541
470.839,726.419,719.508
472.059,729.066,844.474
601.819,477.536,598.465
603.04,480.182,723.431
604.26,482.829,848.397
598.19,602.456,595.855
599.41,605.102,720.821
600.63,607.749,845.787
594.56,727.376,593.245
595.78,730.023,718.211
597.001,732.669,843.177
726.761,481.139,597.169
727.981,483.786,722.135
729.201,486.432,847.101
723.131,606.059,594.559
724.351,608.706,719.525
725.571,611.352,844.491
719.502,730.979,591.949
720.722,733.626,716.915
721.942,736.272,841.881
474.418,599.682,101.36
472.796,600.73,226.345
471.174,601.779,351.33
471.432,724.642,100.273
469.81,725.69,225.258
468.188,726.738,350.244
468.446,849.601,99.1866
466.824,850.65,224.172
465.202,851.698,349.157
599.372,602.682,102.957
597.75,603.73,227.942
596.128,604.779,352.927
596.386,727.642,101.87
594.764,728.69,226.855
593.142,729.738,351.84
593.4,852.601,100.783
591.778,853.65,225.768
590.155,854.698,350.753
724.326,605.682,104.553
722.704,606.73,229.538
721.082,607.779,354.523
721.34,730.642,103.466
719.718,731.69,228.452
718.095,732.738,353.437
718.353,855.601,102.38
716.731,856.65,227.365
715.109,857.698,352.35
476.289,600.334,223.537
478.776,598.786,348.503
481.262,597.238,473.468
475.148,725.319,225.108
477.635,723.771,350.073
480.122,722.223,475.039
474.008,850.304,226.679
476.494,848.756,351.644
478.981,847.208,476.61
601.259,601.505,221.065
603.746,599.958,346.03
606.232,598.41,470.996
600.118,726.49,222.636
602.605,724.943,347.601
605.092,723.395,472.567
598.978,851.475,224.206
601.464,849.927,349.172
603.951,848.38,474.138
726.229,602.677,218.593
728.716,601.129,343.558
731.202,599.581,468.524
725.088,727.662,220.163
727.575,726.114,345.129
730.062,724.566,470.095
723.948,852.647,221.734
726.434,851.099,346.7
728.921,849.551,471.666
475.141,601.707,350.547
476.307,604.293,475.514
477.472,606.879,600.482
474.672,726.679,347.965
475.838,729.265,472.933
477.003,731.851,597.901
474.203,851.652,345.383
475.369,854.238,470.351
476.534,856.824,595.319
600.134,602.152,349.371
601.3,604.738,474.339
602.466,607.323,599.307
599.665,727.124,346.79
600.831,729.71,471.757
601.997,732.296,596.725
599.196,852.097,344.208
600.362,854.682,469.176
601.528,857.268,594.144
725.128,602.596,348.196
726.294,605.182,473.164
727.46,607.768,598.132
724.659,727.569,345.614
725.825,730.155,470.582
726.991,732.741,595.55
724.19,852.541,343.033
725.356,855.127,468.001
726.522,857.713,592.968
475.308,601.194,473.82
472.643,601.497,598.791
469.977,601.8,723.762
477.185,726.179,473.557
474.52,726.483,598.528
471.855,726.786,723.499
479.063,851.165,473.294
476.397,851.468,598.265
473.732,851.771,723.236
600.265,599.322,476.489
597.6,599.626,601.461
594.935,599.929,726.432
602.143,724.308,476.226
599.477,724.611,601.197
596.812,724.914,726.169
604.02,849.294,475.963
601.355,849.597,600.934
598.69,849.9,725.906
725.223,597.451,479.159
722.558,597.754,604.13
719.892,598.057,729.101
727.1,722.437,478.896
724.435,722.74,603.867
721.77,723.043,728.838
728.978,847.422,478.633
726.312,847.726,603.604
723.647,848.029,728.575
473.082,599.176,598.926
476.757,596.965,723.853
480.432,594.753,848.779
473.914,724.154,601.114
477.589,721.943,726.04
481.264,719.731,850.967
474.747,849.132,603.301
478.422,846.921,728.228
482.097,844.71,853.154
598.025,598.408,595.237
601.7,596.197,720.164
605.375,593.986,845.09
598.858,723.386,597.425
602.533,721.175,722.351
606.207,718.964,847.278
599.69,848.364,599.612
603.365,846.153,724.539
607.04,843.942,849.465
722.968,597.64,591.548
726.643,595.429,716.475
730.318,593.218,841.401
723.801,722.619,593.736
727.476,720.407,718.662
731.151,718.196,843.589
724.633,847.597,595.924
728.308,845.385,720.85
731.983,843.174,845.776
598.85,101.74,98.6294
597.938,103.232,223.617
597.027,104.724,348.605
595.691,226.691,97.115
594.779,228.183,222.103
593.868,229.675,347.091
592.532,351.642,95.6006
591.621,353.134,220.588
590.709,354.625,345.576
723.807,104.91,99.5029
722.895,106.402,224.491
721.984,107.893,349.478
720.648,229.861,97.9885
719.736,231.353,222.976
718.825,232.844,347.964
717.489,354.812,96.4741
716.577,356.303,221.462
715.666,357.795,346.45
848.764,108.08,100.376
847.852,109.571,225.364
846.94,111.063,350.352
845.605,233.03,98.8619
844.693,234.522,223.85
843.781,236.014,348.837
842.446,357.981,97.3475
841.534,359.473,222.335
840.622,360.965,347.323
600.674,100.952,226.703
599.084,100.092,351.689
597.495,99.2322,476.676
597.174,225.9,227.518
595.584,225.04,352.505
593.995,224.181,477.492
593.673,350.849,228.333
592.084,349.989,353.32
590.494,349.129,478.307
725.615,104.442,228.315
724.025,103.582,353.302
722.436,102.722,478.289
722.115,229.39,229.131
720.525,228.53,354.117
718.935,227.67,479.104
718.614,354.338,229.946
717.025,353.478,354.933
715.435,352.618,479.92
850.556,107.931,229.928
848.966,107.071,354.915
847.377,106.211,479.902
847.055,232.879,230.743
845.466,232.02,355.73
843.876,231.16,480.717
843.555,357.828,231.559
841.966,356.968,356.546
840.376,356.108,481.532
598.108,101.249,348.292
596.589,101.715,473.282
595.069,102.182,598.272
595.134,226.213,347.79
593.615,226.679,472.78
592.095,227.145,597.769
592.16,351.176,347.287
590.641,351.643,472.277
589.121,352.109,597.267
723.063,104.229,349.8
721.544,104.695,474.79
720.024,105.161,599.78
720.09,229.192,349.298
718.57,229.659,474.287
717.05,230.125,599.277
717.116,354.156,348.795
715.596,354.622,473.785
714.077,355.089,598.775
848.019,107.209,351.308
846.499,107.675,476.298
844.98,108.141,601.288
845.045,232.172,350.806
843.525,232.639,475.795
842.006,233.105,600.785
842.071,357.136,350.303
840.551,357.602,475.293
839.032,358.069,600.283
601.578,98.0928,476.523
601.734,99.406,601.516
601.89,100.719,726.509
604.867,223.043,475.206
605.023,224.356,600.199
605.179,225.669,725.192
608.157,347.992,473.889
608.313,349.306,598.882
608.469,350.619,723.875
726.535,94.8021,476.401
726.691,96.1152,601.394
726.847,97.4284,726.387
729.824,219.752,475.084
729.98,221.065,600.077
730.136,222.378,725.071
733.113,344.702,473.768
733.269,346.015,598.761
733.425,347.328,723.754
851.491,91.5113,476.28
851.647,92.8245,601.273
851.803,94.1376,726.266
854.781,216.461,474.963
854.937,217.774,599.956
855.093,219.087,724.949
858.07,341.411,473.646
858.226,342.724,598.639
858.382,344.037,723.632
598.855,99.7719,598.56
597.463,98.8763,723.549
596.071,97.9806,848.538
599.521,224.767,599.463
598.13,223.871,724.452
596.738,222.976,849.441
600.188,349.762,600.366
598.796,348.866,725.355
597.404,347.971,850.344
723.846,99.0957,599.947
722.454,98.2,724.936
721.062,97.3044,849.925
724.512,224.091,600.85
723.12,223.195,725.839
721.728,222.299,850.828
725.178,349.086,601.753
723.786,348.19,726.742
722.394,347.294,851.731
848.836,98.4194,601.334
847.444,97.5238,726.323
846.052,96.6281,851.312
849.502,223.414,602.237
848.11,222.519,727.226
846.719,221.623,852.215
850.169,348.409,603.14
848.777,347.514,728.129
847.385,346.618,853.118
600.889,225.662,100.037
600.362,225.217,225.035
599.835,224.772,350.034
598.059,350.629,100.47
597.532,350.184,225.468
597.005,349.739,350.466
595.229,475.596,100.903
594.702,475.151,225.901
594.175,474.706,350.899
725.856,228.49,100.574
725.329,228.045,225.572
724.802,227.601,350.57
723.026,353.457,101.007
722.499,353.012,226.005
721.972,352.568,351.003
720.195,478.424,101.44
719.668,477.98,226.438
719.142,477.535,351.436
850.823,231.319,101.111
850.296,230.874,226.109
849.769,230.429,351.107
847.993,356.286,101.544
847.466,355.841,226.542
846.939,355.396,351.54
845.162,481.253,101.976
844.635,480.808,226.975
844.108,480.363,351.973
598.623,224.618,226.188
599.59,224.829,351.184
600.556,225.039,476.18
596.761,349.604,225.992
597.728,349.815,350.988
598.694,350.025,475.984
594.899,474.59,225.796
595.866,474.801,350.792
596.832,475.011,475.789
723.605,226.479,225.219
724.572,226.689,350.215
725.539,226.899,475.211
721.743,351.465,225.023
722.71,351.675,350.019
723.677,351.885,475.015
719.881,476.451,224.827
720.848,476.661,349.823
721.815,476.871,474.819
848.588,228.339,224.249
849.554,228.549,349.245
850.521,228.76,474.241
846.726,353.325,224.053
847.692,353.535,349.049
848.659,353.746,474.045
844.864,478.311,223.857
845.83,478.521,348.853
846.797,478.732,473.849
600.131,225.664,350.392
600.728,226.505,475.388
601.326,227.346,600.383
596.622,350.612,349.568
597.219,351.453,474.564
597.817,352.294,599.559
593.113,475.56,348.744
593.711,476.401,473.74
594.308,477.242,598.735
725.08,229.168,349.771
725.678,230.009,474.766
726.275,230.851,599.762
721.571,354.116,348.947
722.169,354.957,473.943
722.766,355.799,598.938
718.062,479.064,348.123
718.66,479.906,473.119
719.258,480.747,598.114
850.029,232.673,349.15
850.627,233.514,474.145
851.225,234.355,599.141
846.52,357.621,348.326
847.118,358.462,473.321
847.716,359.303,598.317
843.011,482.569,347.502
843.609,483.41,472.497
844.207,484.251,597.493
598.947,225.211,473.742
598.396,226.33,598.735
597.846,227.449,723.729
595.22,350.151,472.607
594.669,351.269,597.601
594.119,352.388,722.594
591.493,475.09,471.472
590.942,476.209,596.466
590.392,477.328,721.46
723.89,228.943,474.259
723.339,230.062,599.252
722.789,231.181,724.246
720.163,353.882,473.124
719.612,355.001,598.118
719.062,356.12,723.111
716.436,478.822,471.989
715.886,479.941,596.983
715.335,481.059,721.976
848.833,232.675,474.775
848.283,233.794,599.769
847.732,234.913,724.763
845.106,357.614,473.641
844.556,358.733,598.634
844.005,359.852,723.628
841.379,482.553,472.506
840.829,483.672,597.5
840.278,484.791,722.493
600.747,226.678,599.679
598.135,223.266,724.605
595.524,219.854,849.531
603.74,351.594,603.153
601.128,348.182,728.079
598.516,344.77,853.005
606.733,476.51,606.627
604.121,473.098,731.553
601.509,469.686,856.48
725.684,223.615,602.207
723.072,220.203,727.133
720.461,216.791,852.059
728.677,348.531,605.681
726.065,345.119,730.608
723.453,341.707,855.534
731.669,473.447,609.156
729.058,470.035,734.082
726.446,466.623,859.008
850.621,220.551,604.735
848.009,217.139,729.662
845.397,213.727,854.588
853.614,345.467,608.21
851.002,342.055,733.136
848.39,338.643,858.062
856.606,470.383,611.684
853.995,466.971,736.61
851.383,463.559,861.536
601.322,348.363,100.571
600.121,349.238,225.562
598.92,350.113,350.553
603.801,473.336,99.7197
602.6,474.211,224.711
601.4,475.086,349.702
606.28,598.308,98.8685
605.08,599.183,223.86
603.879,600.058,348.851
726.292,345.892,101.789
725.091,346.767,226.78
723.89,347.643,351.771
728.771,470.865,100.938
727.57,471.74,225.929
726.369,472.615,350.92
731.25,595.837,100.086
730.049,596.713,225.078
728.848,597.588,350.069
851.261,343.422,103.007
850.06,344.297,227.998
848.86,345.172,352.989
853.74,468.394,102.156
852.54,469.269,227.147
851.339,470.144,352.138
856.22,593.367,101.304
855.019,594.242,226.296
853.818,595.117,351.287
599.161,350.278,223.641
599.764,353.409,348.601
600.367,356.539,473.56
595.436,475.184,220.53
596.039,478.314,345.49
596.642,481.445,470.449
591.712,600.09,217.419
592.315,603.22,342.379
592.918,606.35,467.338
724.104,353.986,222.945
724.707,357.117,347.905
725.31,360.247,472.864
720.38,478.892,219.834
720.982,482.022,344.794
721.585,485.153,469.753
716.655,603.798,216.723
717.258,606.928,341.683
717.861,610.059,466.642
849.047,357.695,222.25
849.65,360.825,347.209
850.253,363.955,472.168
845.323,482.6,219.139
845.926,485.731,344.098
846.529,488.861,469.057
841.598,607.506,216.028
842.201,610.636,340.987
842.804,613.767,465.946
599.062,351.472,351.63
599.165,349.961,476.621
599.267,348.45,601.611
596.723,476.441,353.143
596.826,474.93,478.133
596.929,473.419,603.124
594.384,601.41,354.655
594.487,599.899,479.646
594.59,598.388,604.637
724.04,353.812,351.555
724.143,352.301,476.546
724.245,350.79,601.537
721.701,478.781,353.068
721.804,477.27,478.059
721.907,475.759,603.05
719.362,603.75,354.581
719.465,602.239,479.571
719.568,600.728,604.562
849.018,356.152,351.481
849.121,354.641,476.471
849.224,353.13,601.462
846.679,481.121,352.993
846.782,479.61,477.984
846.885,478.099,602.975
844.34,606.09,354.506
844.443,604.579,479.497
844.546,603.068,604.488
601.31,348.788,476.843
598.393,350.837,601.792
595.476,352.886,726.741
597.977,473.726,474.716
595.06,475.775,599.666
592.143,477.823,724.615
594.643,598.663,472.59
591.726,600.712,597.539
588.81,602.761,722.488
726.231,352.17,479.703
723.315,354.219,604.653
720.398,356.267,729.602
722.898,477.108,477.577
719.981,479.156,602.526
717.064,481.205,727.475
719.565,602.045,475.451
716.648,604.094,600.4
713.731,606.142,725.349
851.153,355.552,482.564
848.236,357.6,607.513
845.319,359.649,732.462
847.82,480.489,480.438
844.903,482.538,605.387
841.986,484.587,730.336
844.486,605.427,478.311
841.569,607.475,603.261
838.653,609.524,728.21
598.019,349.862,601.5
595.361,350.311,726.471
592.704,350.76,851.442
600.268,474.842,601.099
597.611,475.29,726.07
594.954,475.739,851.041
602.518,599.821,600.698
599.861,600.27,725.669
597.203,600.718,850.64
722.97,347.622,604.165
720.313,348.071,729.136
717.656,348.52,854.107
725.22,472.601,603.764
722.562,473.05,728.735
719.905,473.499,853.706
727.469,597.58,603.363
724.812,598.029,728.334
722.155,598.478,853.305
847.922,345.382,606.83
845.264,345.83,731.801
842.607,346.279,856.772
850.171,470.361,606.429
847.514,470.81,731.4
844.857,471.258,856.371
852.421,595.34,606.028
849.764,595.789,730.999
847.106,596.238,855.97
601.25,474.958,100.24
597.949,477.271,225.175
594.649,479.583,350.11
604.225,599.903,98.0057
600.924,602.215,222.941
597.623,604.528,347.876
607.199,724.848,95.7718
603.899,727.16,220.707
600.598,729.472,345.642
726.171,472.044,103.594
722.87,474.357,228.529
719.57,476.669,353.464
729.146,596.989,101.36
725.845,599.301,226.295
722.544,601.614,351.23
732.12,721.934,99.126
728.82,724.246,224.061
725.519,726.558,348.996
851.092,469.13,106.948
847.791,471.442,231.883
844.491,473.755,356.818
854.067,594.075,104.714
850.766,596.387,229.649
847.465,598.699,354.584
857.041,719.019,102.48
853.741,721.332,227.415
850.44,723.644,352.35
601.009,476.576,226.801
599.64,474.79,351.781
598.271,473.004,476.761
599.418,601.554,228.57
598.049,599.767,353.55
596.68,597.981,478.53
597.827,726.531,230.339
596.458,724.745,355.319
595.089,722.958,480.299
725.991,478.148,228.193
724.622,476.361,353.172
723.254,474.575,478.152
724.4,603.125,229.962
723.031,601.339,354.941
721.662,599.553,479.921
722.809,728.102,231.73
721.44,726.316,356.71
720.071,724.53,481.69
850.973,479.719,229.584
849.605,477.933,354.564
848.236,476.147,479.543
849.382,604.696,231.353
848.014,602.91,356.333
846.645,601.124,481.312
847.791,729.674,233.122
846.423,727.888,358.101
845.054,726.101,483.081
600.712,475.269,348.931
603.532,475.543,473.899
606.351,475.817,598.867
603.625,600.234,348.592
606.444,600.508,473.56
609.264,600.782,598.527
606.538,725.2,348.252
609.357,725.474,473.22
612.177,725.748,598.188
725.647,472.349,346.119
728.466,472.623,471.087
731.285,472.897,596.055
728.56,597.315,345.78
731.379,597.589,470.748
734.198,597.863,595.715
731.472,722.28,345.44
734.292,722.554,470.408
737.111,722.828,595.376
850.581,469.429,343.307
853.4,469.703,468.275
856.219,469.977,593.243
853.494,594.395,342.968
856.313,594.669,467.935
859.132,594.943,592.903
856.407,719.361,342.628
859.226,719.635,467.596
862.045,719.909,592.564
600.479,476.561,473.256
597.85,480.072,598.179
595.221,483.583,723.102
603.789,601.47,469.815
601.16,604.981,594.738
598.531,608.492,719.661
607.099,726.378,466.373
604.471,729.89,591.296
601.842,733.401,716.219
725.407,473.325,475.976
722.778,476.836,600.899
720.15,480.348,725.822
728.718,598.234,472.534
726.089,601.745,597.458
723.46,605.256,722.381
732.028,723.142,469.093
729.399,726.654,594.016
726.77,730.165,718.939
850.336,470.089,478.696
847.707,473.6,603.619
845.078,477.112,728.542
853.646,594.998,475.254
851.017,598.509,600.177
848.388,602.02,725.1
856.956,719.907,471.813
854.328,723.418,596.736
851.699,726.929,721.659
599.298,476.53,601.948
601.886,478.215,726.91
604.473,479.899,851.871
597.003,601.499,600.311
599.59,603.183,725.273
602.178,604.867,850.234
594.708,726.467,598.674
597.295,728.151,723.636
599.882,729.835,848.598
724.251,478.791,599.33
726.838,480.476,724.292
729.425,482.16,849.254
721.955,603.759,597.693
724.543,605.444,722.655
727.13,607.128,847.617
719.66,728.728,596.056
722.247,730.412,721.018
724.834,732.096,845.98
849.203,481.052,596.712
851.79,482.736,721.674
854.377,484.421,846.636
846.907,606.02,595.076
849.495,607.705,720.037
852.082,609.389,844.999
844.612,730.988,593.439
847.199,732.673,718.4
849.787,734.357,843.362
599.777,598.91,100.409
596.501,595.466,225.318
593.225,592.021,350.228
596.438,723.82,103.766
593.161,720.376,228.675
589.885,716.931,353.585
593.098,848.731,107.122
589.822,845.286,232.032
586.545,841.842,356.942
724.69,602.159,103.775
721.413,598.715,228.684
718.137,595.27,353.594
721.35,727.069,107.132
718.074,723.625,232.041
714.797,720.181,356.951
718.011,851.98,110.489
714.734,848.535,235.398
711.458,845.091,360.308
849.602,605.408,107.141
846.326,601.964,232.051
843.049,598.519,356.96
846.263,730.319,110.498
842.986,726.874,235.407
839.71,723.43,360.317
842.923,855.229,113.855
839.647,851.784,238.764
836.37,848.34,363.674
600.023,598.918,225.18
599.238,595.439,350.129
598.452,591.96,475.078
602.006,723.853,228.671
601.221,720.374,353.62
600.435,716.895,478.569
603.989,848.789,232.162
603.204,845.31,357.111
602.419,841.831,482.06
725.005,596.913,225.91
724.219,593.434,350.859
723.434,589.956,475.808
726.988,721.849,229.401
726.202,718.37,354.35
725.417,714.891,479.299
728.971,846.784,232.892
728.186,843.306,357.841
727.4,839.827,482.79
849.986,594.909,226.64
849.201,591.43,351.589
848.416,587.951,476.538
851.97,719.845,230.131
851.184,716.366,355.08
850.399,712.887,480.029
853.953,844.78,233.622
853.167,841.301,358.571
852.382,837.822,483.52
601.686,600.181,348.911
602.309,601.207,473.906
602.933,602.232,598.9
599.668,725.161,347.896
600.292,726.186,472.89
600.915,727.212,597.884
597.65,850.14,346.88
598.274,851.166,471.875
598.898,852.192,596.869
726.668,602.193,348.271
727.291,603.219,473.266
727.915,604.245,598.26
724.65,727.173,347.256
725.274,728.199,472.25
725.897,729.224,597.244
722.633,852.153,346.24
723.256,853.178,471.234
723.88,854.204,596.229
851.65,604.206,347.631
852.273,605.232,472.625
852.897,606.257,597.62
849.632,729.185,346.616
850.256,730.211,471.61
850.88,731.237,596.604
847.615,854.165,345.6
848.238,855.191,470.594
848.862,856.216,595.589
599.291,599.9,473.986
595.56,600.347,598.93
591.829,600.795,723.873
601.144,724.885,473.594
597.413,725.333,598.538
593.682,725.781,723.481
602.998,849.871,473.202
599.266,850.319,598.145
595.535,850.766,723.089
724.222,598.059,477.724
720.491,598.507,602.667
716.759,598.954,727.611
726.075,723.045,477.332
722.344,723.493,602.275
718.612,723.94,727.218
727.928,848.031,476.939
724.197,848.478,601.883
720.466,848.926,726.826
849.152,596.219,481.461
845.421,596.666,606.405
841.69,597.114,731.348
851.006,721.204,481.069
847.274,721.652,606.012
843.543,722.1,730.956
852.859,846.19,480.677
849.127,846.638,605.62
845.396,847.085,730.564
600.911,601.231,598.628
599.94,598.775,723.6
598.969,596.32,848.573
602.622,726.195,601.097
601.65,723.739,726.069
600.679,721.284,851.041
604.332,851.159,603.565
603.361,848.703,728.537
602.39,846.248,853.509
725.896,599.501,599.566
724.924,597.046,724.538
723.953,594.591,849.51
727.606,724.465,602.034
726.635,722.01,727.006
725.664,719.555,851.978
729.317,849.429,604.503
728.346,846.974,729.475
727.374,844.519,854.447
850.88,597.772,600.503
849.909,595.317,725.475
848.938,592.861,850.447
852.591,722.736,602.972
851.62,720.281,727.944
850.648,717.825,852.916
854.301,847.7,605.44
853.33,845.245,730.412
852.359,842.789,855.384
