27,125,OUTPUT/pa2-debug-d-output1.txt
200.871,195.207,191.919
332.553,315.956,112.344
100.915,100.861,100.848
99.7823,101.643,225.841
98.6493,102.425,350.833
103.806,225.825,100.093
102.673,226.607,225.085
101.54,227.389,350.078
106.697,350.789,99.3371
105.564,351.571,224.33
104.431,352.353,349.322
225.877,97.9771,101.999
224.744,98.759,226.991
223.611,99.5409,351.984
228.768,222.941,101.243
227.635,223.723,226.236
226.502,224.505,351.228
231.658,347.906,100.488
230.525,348.688,225.48
229.392,349.469,350.473
350.838,95.0932,103.15
349.705,95.8752,228.142
348.572,96.6571,353.135
353.729,220.058,102.394
352.596,220.839,227.387
351.463,221.621,352.379
356.62,345.022,101.639
355.487,345.804,226.631
354.354,346.586,351.624
98.6683,101.221,223.839
95.068,103.843,348.76
91.4677,106.464,473.681
101.494,226.163,221.299
97.8935,228.785,346.219
94.2932,231.406,471.14
104.319,351.106,218.758
100.719,353.727,343.679
97.1187,356.349,468.6
223.584,98.4705,227.497
219.984,101.092,352.418
216.384,103.714,477.339
226.41,223.413,224.957
222.81,226.034,349.877
219.209,228.656,474.798
229.235,348.355,222.416
225.635,350.977,347.337
222.035,353.598,472.257
348.501,95.72,231.155
344.9,98.3416,356.076
341.3,100.963,480.996
351.326,220.662,228.615
347.726,223.284,353.535
344.126,225.905,478.456
354.152,345.604,226.074
350.551,348.226,350.995
346.951,350.848,475.915
99.9055,100.948,348.155
99.22,103.358,473.13
98.5345,105.768,598.105
102.677,225.894,345.761
101.992,228.304,470.736
101.306,230.714,595.71
105.449,350.841,343.367
104.764,353.25,468.341
104.078,355.66,593.316
224.873,98.1898,348.893
224.187,100.6,473.868
223.502,103.009,598.843
227.645,223.136,346.499
226.959,225.546,471.474
226.274,227.956,596.449
230.417,348.082,344.105
229.731,350.492,469.08
229.046,352.902,594.055
349.84,95.4315,349.632
349.155,97.8414,474.607
348.469,100.251,599.582
352.612,220.378,347.238
351.927,222.788,472.213
351.241,225.198,597.188
355.384,345.324,344.844
354.699,347.734,469.819
354.013,350.144,594.794
99.433,101.637,476.352
101.339,101.048,601.336
103.245,100.459,726.32
101.59,226.617,476.907
103.496,226.028,601.892
105.401,225.44,726.876
103.747,351.597,477.463
105.652,351.008,602.447
107.558,350.42,727.431
224.4,99.4888,474.436
226.306,98.9001,599.42
228.212,98.3114,724.404
226.557,224.469,474.992
228.462,223.88,599.976
230.368,223.292,724.96
228.713,349.449,475.548
230.619,348.86,600.532
232.525,348.272,725.516
349.367,97.3408,472.52
351.273,96.7521,597.504
353.178,96.1633,722.488
351.524,222.321,473.076
353.429,221.732,598.06
355.335,221.144,723.044
353.68,347.301,473.632
355.586,346.712,598.616
357.492,346.124,723.6
100.109,100.531,599.505
99.2147,102.155,724.491
98.3201,103.779,849.478
97.4175,225.492,597.862
96.5229,227.116,722.849
95.6284,228.739,847.835
94.7258,350.452,596.22
93.8312,352.076,721.206
92.9367,353.7,846.192
225.077,103.235,600.364
224.182,104.859,725.351
223.288,106.482,850.337
222.385,228.195,598.722
221.491,229.819,723.708
220.596,231.443,848.694
219.694,353.155,597.079
218.799,354.779,722.065
217.904,356.403,847.051
350.045,105.938,601.224
349.15,107.562,726.21
348.256,109.186,851.196
347.353,230.898,599.581
346.459,232.522,724.567
345.564,234.146,849.553
344.661,355.858,597.938
343.767,357.482,722.924
342.872,359.106,847.911
100.916,225.01,98.0295
104.298,224.751,222.984
107.68,224.492,347.937
102.493,350,98.2458
105.875,349.741,223.2
109.257,349.482,348.154
104.069,474.989,98.462
107.451,474.731,223.416
110.833,474.472,348.37
225.86,223.439,94.6445
229.242,223.181,219.598
232.624,222.922,344.552
227.437,348.429,94.8607
230.819,348.171,219.815
234.201,347.912,344.769
229.014,473.419,95.0769
232.396,473.16,220.031
235.778,472.902,344.985
350.804,221.869,91.2594
354.187,221.61,216.213
357.569,221.352,341.167
352.381,346.859,91.4756
355.763,346.6,216.43
359.145,346.342,341.384
353.958,471.849,91.6919
357.34,471.59,216.646
360.722,471.331,341.6
99.614,223.427,223.149
101.301,224.441,348.134
102.988,225.456,473.118
101.609,348.407,222.108
103.296,349.421,347.093
104.983,350.435,472.077
103.603,473.387,221.067
105.29,474.401,346.052
106.977,475.415,471.036
224.587,221.419,221.479
226.274,222.433,346.463
227.961,223.447,471.448
226.581,346.399,220.438
228.268,347.413,345.422
229.955,348.427,470.407
228.576,471.378,219.397
230.263,472.393,344.381
231.95,473.407,469.366
349.559,219.411,219.808
351.246,220.425,344.793
352.933,221.439,469.777
351.554,344.39,218.767
353.241,345.405,343.752
354.928,346.419,468.736
353.549,469.37,217.726
355.236,470.384,342.711
356.923,471.399,467.695
98.0555,226.425,349.333
100.151,226.36,474.315
102.247,226.295,599.297
100.099,351.409,349.364
102.195,351.343,474.346
104.291,351.278,599.328
102.143,476.392,349.395
104.238,476.327,474.377
106.334,476.262,599.359
223.021,224.383,347.236
225.117,224.317,472.218
227.213,224.252,597.201
225.065,349.366,347.267
227.161,349.301,472.249
229.256,349.236,597.232
227.108,474.349,347.298
229.204,474.284,472.28
231.3,474.219,597.263
347.987,222.34,345.139
350.083,222.275,470.122
352.179,222.21,595.104
350.03,347.323,345.17
352.126,347.258,470.153
354.222,347.193,595.135
352.074,472.307,345.201
354.17,472.241,470.184
356.266,472.176,595.166
101.956,223.05,475.453
99.2424,220.657,600.401
96.5292,218.264,725.348
101.138,348.025,477.829
98.4244,345.632,602.777
95.7112,343.239,727.724
100.319,473,480.205
97.6063,470.607,605.153
94.8932,468.213,730.1
226.923,223.816,478.181
224.21,221.423,603.129
221.497,219.03,728.077
226.105,348.791,480.557
223.392,346.398,605.505
220.679,344.005,730.453
225.287,473.766,482.933
222.574,471.373,607.881
219.861,468.979,732.829
351.891,224.583,480.91
349.178,222.189,605.857
346.465,219.796,730.805
351.073,349.557,483.286
348.36,347.164,608.233
345.647,344.771,733.181
350.255,474.532,485.662
347.542,472.139,610.609
344.829,469.745,735.557
101.633,224.38,599.199
103.15,226.966,724.163
104.668,229.552,849.127
99.3772,349.334,596.641
100.894,351.919,721.605
102.411,354.505,846.569
97.1211,474.287,594.083
98.6382,476.873,719.047
100.155,479.458,844.011
226.604,226.605,597.636
228.121,229.19,722.6
229.638,231.776,847.564
224.348,351.558,595.077
225.865,354.144,720.041
227.382,356.729,845.006
222.092,476.511,592.519
223.609,479.097,717.483
225.126,481.683,842.447
351.574,228.829,596.072
353.091,231.415,721.036
354.608,234,846
349.318,353.782,593.514
350.835,356.368,718.478
352.352,358.954,843.442
347.062,478.736,590.956
348.579,481.322,715.92
350.096,483.907,840.884
99.4864,350.617,100.288
97.4869,353.464,225.239
95.4875,356.312,350.191
99.7952,475.584,97.445
97.7958,478.432,222.397
95.7964,481.279,347.348
100.104,600.552,94.6023
98.1047,603.399,219.554
96.1052,606.246,344.505
224.47,350.354,102.294
222.471,353.201,227.245
220.471,356.048,352.197
224.779,475.321,99.451
222.779,478.168,224.403
220.78,481.016,349.354
225.088,600.288,96.6082
223.088,603.136,221.56
221.089,605.983,346.511
349.454,350.09,104.3
347.454,352.938,229.251
345.455,355.785,354.203
349.762,475.058,101.457
347.763,477.905,226.409
345.764,480.752,351.36
350.071,600.025,98.6142
348.072,602.872,223.566
346.073,605.72,348.517
98.9292,350.315,224.248
97.4577,346.893,349.193
95.9862,343.47,474.137
96.2133,475.24,227.638
94.7419,471.817,352.583
93.2704,468.395,477.527
93.4975,600.164,231.028
92.026,596.742,355.973
90.5546,593.319,480.917
223.891,352.99,225.793
222.42,349.567,350.738
220.948,346.145,475.682
221.175,477.915,229.183
219.704,474.492,354.128
218.232,471.069,479.072
218.459,602.839,232.573
216.988,599.416,357.518
215.516,595.994,482.462
348.853,355.665,227.338
347.381,352.242,352.283
345.91,348.82,477.227
346.137,480.589,230.728
344.666,477.167,355.673
343.194,473.744,480.617
343.421,605.514,234.118
341.95,602.091,359.063
340.478,598.669,484.007
100.331,350.705,350.288
101.486,347.729,475.247
102.64,344.754,600.206
100.373,475.669,353.263
101.528,472.694,478.222
102.682,469.718,603.181
100.416,600.634,356.238
101.57,597.658,481.197
102.724,594.683,606.157
225.326,350.69,349.133
226.48,347.715,474.092
227.635,344.739,599.051
225.368,475.655,352.108
226.522,472.679,477.067
227.677,469.704,602.026
225.41,600.619,355.083
226.565,597.644,480.042
227.719,594.668,605.002
350.321,350.676,347.978
351.475,347.7,472.937
352.629,344.724,597.896
350.363,475.64,350.953
351.517,472.665,475.912
352.671,469.689,600.871
350.405,600.605,353.928
351.559,597.629,478.888
352.714,594.654,603.847
100.333,349.296,473.482
101.771,349.936,598.472
103.209,350.575,723.462
101.308,474.291,472.831
102.746,474.93,597.821
104.184,475.569,722.812
102.283,599.285,472.181
103.721,599.925,597.171
105.159,600.564,722.161
225.321,348.313,472.049
226.759,348.953,597.039
228.197,349.592,722.029
226.296,473.308,471.398
227.734,473.947,596.388
229.172,474.587,721.379
227.271,598.302,470.748
228.709,598.942,595.738
230.147,599.581,720.728
350.309,347.331,470.616
351.747,347.97,595.606
353.185,348.609,720.596
351.284,472.325,469.965
352.722,472.965,594.955
354.16,473.604,719.946
352.259,597.32,469.315
353.697,597.959,594.305
355.135,598.598,719.295
99.071,350.122,601.167
98.8761,348.221,726.152
98.6812,346.32,851.137
98.0529,475.103,603.066
97.858,473.202,728.051
97.6631,471.301,853.037
97.0348,600.085,604.965
96.8398,598.184,729.951
96.6449,596.283,854.936
224.067,351.137,601.377
223.872,349.236,726.362
223.677,347.335,851.348
223.049,476.118,603.276
222.854,474.217,728.262
222.659,472.316,853.247
222.03,601.1,605.176
221.836,599.199,730.161
221.641,597.298,855.146
349.062,352.152,601.587
348.867,350.251,726.573
348.673,348.35,851.558
348.044,477.133,603.487
347.849,475.232,728.472
347.654,473.331,853.458
347.026,602.115,605.386
346.831,600.214,730.371
346.636,598.313,855.357
100.739,473.479,98.4753
100.401,476.795,223.431
100.062,480.11,348.386
97.242,598.386,95.1517
96.9037,601.702,220.107
96.5654,605.017,345.063
93.7449,723.293,91.8281
93.4066,726.609,216.784
93.0684,729.924,341.739
225.69,476.984,98.7205
225.351,480.3,223.676
225.013,483.615,348.632
222.193,601.891,95.397
221.854,605.207,220.353
221.516,608.522,345.308
218.696,726.798,92.0734
218.357,730.113,217.029
218.019,733.429,341.985
350.64,480.489,98.9658
350.302,483.805,223.921
349.964,487.12,348.877
347.143,605.396,95.6422
346.805,608.711,220.598
346.467,612.027,345.553
343.646,730.303,92.3186
343.308,733.618,217.274
342.97,736.934,342.23
98.5785,475.466,223.736
102.15,477.25,348.672
105.722,479.034,473.608
96.406,600.435,222.013
99.9779,602.219,346.95
103.55,604.003,471.886
94.2336,725.404,220.291
97.8054,727.188,345.227
101.377,728.972,470.163
223.509,477.588,220.134
227.08,479.372,345.07
230.652,481.156,470.006
221.336,602.557,218.411
224.908,604.341,343.348
228.48,606.125,468.284
219.164,727.526,216.689
222.735,729.31,341.625
226.307,731.094,466.562
348.439,479.71,216.532
352.01,481.494,341.468
355.582,483.278,466.404
346.266,604.679,214.809
349.838,606.463,339.746
353.41,608.247,464.682
344.094,729.649,213.087
347.666,731.432,338.023
351.237,733.216,462.96
101.285,474.268,348.083
103.058,477.387,473.031
104.831,480.505,597.98
99.8471,599.221,344.985
101.62,602.34,469.933
103.393,605.459,594.882
98.4089,724.175,341.886
100.182,727.293,466.835
101.955,730.412,591.783
226.264,475.662,346.275
228.037,478.78,471.223
229.81,481.899,596.172
224.826,600.615,343.177
226.599,603.734,468.125
228.372,606.852,593.074
223.388,725.568,340.078
225.161,728.687,465.027
226.934,731.805,589.975
351.244,477.055,344.467
353.016,480.174,469.415
354.789,483.292,594.364
349.805,602.009,341.368
351.578,605.127,466.317
353.351,608.246,591.265
348.367,726.962,338.27
350.14,730.081,463.219
351.913,733.199,588.167
100.017,473.215,475.193
101.525,471.858,600.176
103.032,470.502,725.16
100.322,598.207,476.545
101.83,596.851,601.529
103.338,595.495,726.513
100.628,723.199,477.898
102.136,721.843,602.881
103.644,720.487,727.865
225.007,472.925,473.682
226.515,471.569,598.665
228.023,470.213,723.649
225.313,597.918,475.034
226.821,596.562,600.018
228.329,595.205,725.001
225.618,722.91,476.387
227.126,721.554,601.37
228.634,720.198,726.354
349.998,472.636,472.171
351.506,471.28,597.154
353.014,469.924,722.138
350.303,597.628,473.523
351.811,596.272,598.507
353.319,594.916,723.49
350.609,722.621,474.876
352.117,721.265,599.859
353.625,719.909,724.843
101.555,474.607,600.572
103.32,475.884,725.553
105.085,477.162,850.534
98.8011,599.571,599.333
100.566,600.848,724.314
102.331,602.125,849.295
96.0476,724.534,598.095
97.8127,725.811,723.076
99.5779,727.089,848.057
226.512,477.343,598.779
228.277,478.62,723.76
230.042,479.897,848.741
223.758,602.306,597.541
225.523,603.584,722.522
227.289,604.861,847.503
221.005,727.27,596.302
222.77,728.547,721.283
224.535,729.825,846.264
351.469,480.078,596.986
353.234,481.356,721.967
354.999,482.633,846.948
348.715,605.042,595.748
350.481,606.319,720.729
352.246,607.597,845.71
345.962,730.005,594.509
347.727,731.283,719.49
349.492,732.56,844.471
100.362,600.262,101.729
102.391,600.143,226.712
104.42,600.025,351.696
99.4603,725.258,101.862
101.489,725.14,226.846
103.519,725.021,351.829
98.5591,850.255,101.995
100.588,850.136,226.979
102.617,850.018,351.962
225.342,601.165,99.7008
227.371,601.046,224.684
229.4,600.928,349.668
224.441,726.162,99.834
226.47,726.043,224.817
228.499,725.925,349.801
223.539,851.158,99.9671
225.569,851.04,224.951
227.598,850.921,349.934
350.322,602.068,97.6726
352.351,601.95,222.656
354.38,601.831,347.64
349.421,727.065,97.8058
351.45,726.946,222.789
353.479,726.828,347.773
348.52,852.062,97.9389
350.549,851.943,222.922
352.578,851.824,347.906
100.331,598.353,223.603
97.5068,601.671,348.527
94.6822,604.989,473.451
99.7758,723.307,220.272
96.9512,726.625,345.196
94.1266,729.944,470.12
99.2202,848.261,216.94
96.3956,851.58,341.864
93.5709,854.898,466.788
225.298,598.983,226.412
222.474,602.302,351.336
219.649,605.62,476.26
224.743,723.938,223.081
221.918,727.256,348.005
219.093,730.574,472.929
224.187,848.892,219.749
221.362,852.21,344.673
218.538,855.529,469.597
350.265,599.614,229.221
347.441,602.932,354.145
344.616,606.251,479.069
349.71,724.568,225.889
346.885,727.887,350.813
344.06,731.205,475.737
349.154,849.523,222.558
346.329,852.841,347.482
343.505,856.159,472.406
98.4983,599.408,351.913
99.2935,602.938,476.861
100.089,606.468,601.808
96.7808,724.347,348.394
97.5761,727.877,473.342
98.3713,731.407,598.289
95.0634,849.285,344.875
95.8586,852.815,469.823
96.6538,856.345,594.771
223.484,601.103,351.07
224.279,604.632,476.017
225.074,608.162,600.965
221.766,726.041,347.551
222.562,729.571,472.498
223.357,733.101,597.446
220.049,850.98,344.032
220.844,854.51,468.98
221.64,858.04,593.927
348.47,602.797,350.226
349.265,606.327,475.174
350.06,609.857,600.121
346.752,727.736,346.707
347.547,731.265,471.655
348.343,734.795,596.603
345.035,852.674,343.189
345.83,856.204,468.136
346.625,859.734,593.084
99.9753,601.428,473.549
100.665,598.509,598.513
101.354,595.59,723.477
99.324,726.393,476.472
100.013,723.473,601.436
100.703,720.554,726.4
98.6727,851.357,479.395
99.3622,848.438,604.359
100.052,845.519,729.323
224.972,602.096,472.875
225.661,599.177,597.839
226.351,596.257,722.803
224.32,727.06,475.798
225.01,724.141,600.762
225.699,721.222,725.726
223.669,852.024,478.721
224.359,849.105,603.685
225.048,846.186,728.649
349.968,602.763,472.201
350.658,599.844,597.165
351.347,596.925,722.129
349.317,727.727,475.124
350.006,724.808,600.088
350.696,721.889,725.052
348.666,852.691,478.047
349.355,849.772,603.011
350.044,846.853,727.975
100.057,601.854,599.738
102.433,600.996,724.712
104.809,600.138,849.686
98.9138,726.845,600.617
101.29,725.988,725.591
103.666,725.13,850.566
97.7707,851.837,601.496
100.147,850.979,726.471
102.523,850.122,851.445
225.029,603.013,597.369
227.405,602.156,722.344
229.781,601.298,847.318
223.886,728.005,598.249
226.262,727.147,723.223
228.638,726.29,848.198
222.743,852.997,599.128
225.119,852.139,724.103
227.495,851.281,849.077
350.001,604.173,595.001
352.378,603.315,719.976
354.754,602.458,844.95
348.858,729.165,595.881
351.234,728.307,720.855
353.61,727.449,845.83
347.715,854.156,596.76
350.091,853.299,721.735
352.467,852.441,846.709
223.482,101.08,98.9303
221.119,103.575,223.883
218.757,106.07,348.836
226.642,226.016,96.495
224.279,228.511,221.448
221.916,231.007,346.401
229.801,350.952,94.0598
227.438,353.448,219.013
225.076,355.943,343.965
348.42,97.9675,101.355
346.057,100.463,226.308
343.694,102.958,351.26
351.579,222.904,98.9196
349.217,225.399,223.872
346.854,227.894,348.825
354.739,347.84,96.4844
352.376,350.335,221.437
350.013,352.831,346.39
473.358,94.8552,103.779
470.995,97.3505,228.732
468.632,99.8458,353.685
476.517,219.792,101.344
474.154,222.287,226.297
471.792,224.782,351.25
479.677,344.728,98.909
477.314,347.223,223.862
474.951,349.719,348.814
223.61,100.811,225.753
221.415,103.081,350.713
219.219,105.351,475.674
221.736,225.776,223.45
219.54,228.046,348.41
217.345,230.316,473.37
219.862,350.74,221.147
217.666,353.01,346.107
215.471,355.281,471.067
348.577,102.725,227.914
346.381,104.995,352.874
344.186,107.265,477.834
346.702,227.689,225.611
344.507,229.96,350.571
342.312,232.23,475.531
344.828,352.654,223.308
342.633,354.924,348.268
340.438,357.195,473.228
473.543,104.639,230.075
471.348,106.909,355.035
469.153,109.179,479.995
471.669,229.603,227.771
469.474,231.874,352.732
467.279,234.144,477.692
469.795,354.568,225.468
467.6,356.838,350.428
465.404,359.109,475.388
223.33,99.1851,349.707
223.724,102.229,474.669
224.118,105.273,599.631
223.904,224.147,346.661
224.298,227.191,471.623
224.692,230.235,596.585
224.479,349.108,343.615
224.872,352.152,468.577
225.266,355.196,593.54
348.328,98.6016,349.327
348.722,101.646,474.289
349.116,104.69,599.252
348.903,223.563,346.281
349.296,226.607,471.243
349.69,229.651,596.206
349.477,348.525,343.235
349.87,351.569,468.198
350.264,354.613,593.16
473.327,98.0181,348.947
473.72,101.062,473.91
474.114,104.106,598.872
473.901,222.98,345.902
474.294,226.024,470.864
474.688,229.068,595.826
474.475,347.941,342.856
474.868,350.985,467.818
475.262,354.029,592.78
223.537,98.6931,475.87
221.237,101.831,600.809
218.938,104.968,725.749
220.651,223.619,472.68
218.351,226.756,597.619
216.052,229.894,722.559
217.765,348.545,469.49
215.466,351.682,594.429
213.166,354.82,719.369
348.482,101.636,478.096
346.183,104.774,603.035
343.884,107.911,727.974
345.596,226.562,474.905
343.297,229.7,599.845
340.998,232.837,724.784
342.71,351.488,471.715
340.411,354.626,596.655
338.112,357.763,721.594
473.428,104.579,480.321
471.128,107.717,605.261
468.829,110.854,730.2
470.542,229.505,477.131
468.243,232.643,602.07
465.943,235.78,727.01
467.656,354.431,473.941
465.357,357.569,598.88
463.057,360.706,723.82
225.452,99.7677,600.52
226.857,103.416,725.459
228.262,107.064,850.398
225.521,224.714,596.871
226.926,228.362,721.81
228.331,232.011,846.749
225.59,349.661,593.222
226.995,353.309,718.161
228.4,356.957,843.1
350.444,99.6575,599.118
351.849,103.306,724.057
353.254,106.954,848.996
350.513,224.604,595.469
351.918,228.252,720.408
353.323,231.9,845.346
350.582,349.551,591.82
351.987,353.199,716.759
353.392,356.847,841.697
475.436,99.5474,597.715
476.841,103.195,722.654
478.246,106.843,847.593
475.505,224.494,594.066
476.91,228.142,719.005
478.315,231.79,843.944
475.574,349.441,590.417
476.979,353.089,715.356
478.384,356.737,840.295
226.05,226.619,99.9229
226.979,225.888,224.917
227.907,225.157,349.912
229.423,351.572,100.629
230.352,350.84,225.623
231.28,350.109,350.618
232.796,476.524,101.335
233.725,475.793,226.329
234.653,475.062,351.323
351.001,223.251,98.975
351.93,222.52,223.969
352.859,221.789,348.964
354.374,348.204,99.6808
355.303,347.473,224.675
356.231,346.742,349.67
357.747,473.156,100.387
358.676,472.425,225.381
359.604,471.694,350.375
475.953,219.884,98.0271
476.881,219.153,223.021
477.81,218.422,348.016
479.325,344.836,98.7329
480.254,344.105,223.727
481.183,343.374,348.722
482.698,469.789,99.4387
483.627,469.058,224.433
484.555,468.327,349.428
223.305,223.112,224.955
221.326,220.65,349.915
219.346,218.187,474.875
220.595,348.059,227.374
218.615,345.597,352.334
216.635,343.135,477.294
217.884,473.006,229.793
215.904,470.544,354.753
213.924,468.082,479.713
348.26,225.783,226.987
346.28,223.321,351.947
344.3,220.859,476.907
345.55,350.73,229.406
343.57,348.268,354.366
341.59,345.806,479.326
342.839,475.678,231.825
340.859,473.215,356.785
338.879,470.753,481.745
473.215,228.455,229.02
471.235,225.993,353.98
469.255,223.53,478.94
470.505,353.402,231.439
468.525,350.94,356.399
466.545,348.478,481.359
467.794,478.349,233.858
465.814,475.887,358.818
463.834,473.425,483.778
224.013,225.923,349.967
225.312,224.64,474.954
226.611,223.358,599.941
222.835,350.911,351.262
224.135,349.628,476.249
225.434,348.345,601.236
221.658,475.899,352.557
222.957,474.616,477.544
224.257,473.333,602.531
349,227.114,348.68
350.3,225.831,473.667
351.599,224.548,598.654
347.823,352.101,349.975
349.122,350.819,474.962
350.422,349.536,599.949
346.646,477.089,351.27
347.945,475.806,476.257
349.244,474.524,601.243
473.988,228.304,347.393
475.287,227.022,472.38
476.587,225.739,597.366
472.811,353.292,348.688
474.11,352.009,473.675
475.409,350.727,598.661
471.633,478.28,349.983
472.933,476.997,474.97
474.232,475.714,599.956
225.348,224.403,473.563
225.218,224.917,598.562
225.087,225.431,723.561
227.062,349.39,473.051
226.932,349.904,598.05
226.802,350.418,723.049
228.777,474.377,472.539
228.646,474.891,597.538
228.516,475.405,722.537
350.336,222.689,473.7
350.206,223.203,598.699
350.076,223.717,723.698
352.05,347.676,473.188
351.92,348.19,598.187
351.79,348.704,723.186
353.765,472.663,472.676
353.635,473.177,597.675
353.504,473.691,722.674
475.324,220.975,473.837
475.194,221.489,598.836
475.064,222.003,723.835
477.038,345.962,473.325
476.908,346.476,598.324
476.778,346.99,723.323
478.753,470.95,472.813
478.623,471.463,597.812
478.493,471.977,722.811
223.93,223.033,601.836
227.004,223.968,726.795
230.078,224.902,851.754
222.64,348.023,600.933
225.715,348.958,725.892
228.789,349.892,850.851
221.351,473.013,600.03
224.425,473.948,724.989
227.5,474.882,849.948
348.885,224.3,598.753
351.959,225.234,723.712
355.033,226.168,848.67
347.596,349.29,597.85
350.67,350.224,722.809
353.744,351.159,847.767
346.307,474.28,596.947
349.381,475.214,721.906
352.455,476.149,846.864
473.841,225.566,595.669
476.915,226.5,720.628
479.989,227.435,845.587
472.552,350.556,594.766
475.626,351.491,719.725
478.7,352.425,844.684
471.262,475.546,593.863
474.337,476.481,718.822
477.411,477.415,843.781
224.684,348.338,100.355
221.528,347.025,225.308
218.373,345.712,350.262
225.236,473.329,101.682
222.08,472.016,226.636
218.925,470.703,351.589
225.788,598.321,103.01
222.632,597.008,227.963
219.477,595.695,352.916
349.643,347.752,103.504
346.487,346.439,228.458
343.332,345.126,353.411
350.195,472.744,104.832
347.039,471.431,229.785
343.884,470.118,354.738
350.747,597.736,106.159
347.591,596.423,231.112
344.436,595.11,356.066
474.602,347.167,106.654
471.446,345.854,231.607
468.291,344.541,356.56
475.154,472.159,107.981
471.998,470.846,232.935
468.843,469.533,357.888
475.706,597.15,109.309
472.55,595.837,234.262
469.395,594.524,359.215
226.971,351.098,226.208
227.609,352.868,351.194
228.247,354.638,476.18
227.366,476.085,224.436
228.004,477.855,349.422
228.642,479.625,474.407
227.762,601.071,222.663
228.4,602.842,347.649
229.038,604.612,472.635
351.969,350.693,225.576
352.607,352.464,350.562
353.245,354.234,475.547
352.364,475.68,223.803
353.002,477.451,348.789
353.64,479.221,473.775
352.759,600.667,222.031
353.397,602.437,347.017
354.036,604.208,472.003
476.966,350.289,224.943
477.604,352.059,349.929
478.243,353.83,474.915
477.362,475.276,223.171
478,477.046,348.157
478.638,478.817,473.143
477.757,600.263,221.399
478.395,602.033,346.384
479.033,603.803,471.37
223.818,351.146,349.323
227.335,352.516,474.266
230.852,353.887,599.209
226.84,476.101,347.867
230.357,477.471,472.81
233.874,478.842,597.753
229.862,601.056,346.411
233.379,602.426,471.354
236.896,603.797,596.297
348.732,348.084,345.84
352.249,349.455,470.783
355.766,350.825,595.726
351.754,473.039,344.385
355.271,474.41,469.328
358.788,475.78,594.271
354.776,597.994,342.929
358.293,599.365,467.872
361.81,600.735,592.815
473.646,345.023,342.358
477.163,346.393,467.301
480.68,347.764,592.244
476.668,469.978,340.902
480.185,471.348,465.845
483.702,472.719,590.788
479.69,594.933,339.446
483.207,596.303,464.389
486.724,597.674,589.332
223.502,349.769,473.436
221.4,349.277,598.418
219.298,348.785,723.399
225.994,474.743,473.97
223.892,474.251,598.952
221.789,473.759,723.933
228.485,599.717,474.504
226.383,599.225,599.485
224.281,598.733,724.467
348.46,347.269,475.528
346.358,346.777,600.51
344.256,346.285,725.491
350.951,472.243,476.062
348.849,471.752,601.043
346.747,471.26,726.025
353.442,597.218,476.596
351.34,596.726,601.577
349.238,596.234,726.559
473.417,344.77,477.62
471.315,344.278,602.601
469.213,343.786,727.583
475.909,469.744,478.154
473.807,469.252,603.135
471.704,468.76,728.117
478.4,594.718,478.688
476.298,594.226,603.669
474.196,593.734,728.65
223.673,351.461,599.195
224.581,353.072,724.181
225.489,354.683,849.168
221.228,476.427,597.602
222.137,478.038,722.589
223.045,479.649,847.575
218.784,601.393,596.009
219.693,603.004,720.996
220.601,604.615,845.982
348.645,353.894,598.255
349.554,355.505,723.242
350.462,357.116,848.228
346.201,478.86,596.662
347.11,480.471,721.649
348.018,482.081,846.635
343.757,603.825,595.07
344.665,605.436,720.056
345.574,607.047,845.042
473.618,356.326,597.316
474.527,357.937,722.302
475.435,359.548,847.288
471.174,481.292,595.723
472.082,482.903,720.709
472.991,484.514,845.695
468.73,606.258,594.13
469.638,607.869,719.116
470.547,609.48,844.102
224.483,474.626,98.9804
226.611,477.566,223.928
228.738,480.505,348.875
222.328,599.574,96.0776
224.455,602.514,221.025
226.583,605.453,345.972
220.173,724.522,93.1748
222.3,727.461,218.122
224.428,730.401,343.069
349.446,476.731,96.8032
351.574,479.671,221.751
353.701,482.61,346.698
347.291,601.679,93.9005
349.419,604.618,218.848
351.546,607.558,343.795
345.136,726.627,90.9977
347.264,729.566,215.945
349.391,732.505,340.892
474.41,478.836,94.6261
476.537,481.775,219.573
478.664,484.715,344.521
472.255,603.784,91.7233
474.382,606.723,216.671
476.509,609.662,341.618
470.1,728.731,88.8206
472.227,731.671,213.768
474.354,734.61,338.715
226.143,473.893,224.464
224.967,474.215,349.458
223.79,474.538,474.452
223.722,598.869,224.119
222.545,599.191,349.113
221.369,599.514,474.107
221.3,723.845,223.774
220.124,724.167,348.768
218.948,724.49,473.762
351.114,476.318,225.634
349.938,476.64,350.628
348.761,476.962,475.622
348.693,601.294,225.289
347.516,601.616,350.283
346.34,601.938,475.277
346.271,726.27,224.944
345.095,726.592,349.938
343.919,726.914,474.932
476.085,478.742,226.804
474.909,479.065,351.798
473.732,479.387,476.792
473.664,603.718,226.459
472.487,604.041,351.453
471.311,604.363,476.447
471.242,728.694,226.114
470.066,729.017,351.108
468.89,729.339,476.102
226.282,476.555,351.778
223.515,473.9,476.719
220.748,471.245,601.66
228.983,601.497,354.493
226.216,598.842,479.434
223.45,596.187,604.375
231.685,726.438,357.207
228.918,723.783,482.149
226.151,721.128,607.09
351.222,473.795,354.486
348.455,471.14,479.427
345.688,468.485,604.369
353.924,598.736,357.201
351.157,596.081,482.142
348.39,593.426,607.083
356.625,723.677,359.916
353.858,721.022,484.857
351.092,718.367,609.798
476.162,471.034,357.194
473.395,468.379,482.136
470.628,465.724,607.077
478.864,595.975,359.909
476.097,593.32,484.85
473.33,590.666,609.791
481.566,720.917,362.624
478.799,718.262,487.565
476.032,715.607,612.506
224.485,476.091,475.392
221.704,473.397,600.332
218.923,470.703,725.272
221.427,601.026,478.018
218.646,598.332,602.958
215.864,595.638,727.898
218.369,725.961,480.644
215.587,723.267,605.584
212.806,720.573,730.524
349.417,479.09,478.238
346.636,476.395,603.178
343.854,473.701,728.118
346.359,604.025,480.864
343.577,601.33,605.804
340.796,598.636,730.744
343.3,728.96,483.49
340.519,726.265,608.43
337.737,723.571,733.37
474.349,482.088,481.084
471.567,479.394,606.024
468.786,476.7,730.964
471.29,607.023,483.71
468.509,604.329,608.65
465.727,601.635,733.59
468.232,731.958,486.336
465.45,729.264,611.276
462.669,726.57,736.216
223.98,473.184,599.261
225.324,474.817,724.244
226.669,476.451,849.226
225.837,598.159,597.608
227.182,599.793,722.59
228.526,601.426,847.572
227.694,723.134,595.954
229.039,724.768,720.936
230.384,726.402,845.918
348.959,471.309,597.941
350.303,472.943,722.923
351.648,474.576,847.905
350.816,596.284,596.288
352.161,597.918,721.27
353.505,599.552,846.252
352.673,721.259,594.634
354.018,722.893,719.616
355.363,724.527,844.598
473.938,469.434,596.621
475.282,471.068,721.603
476.627,472.702,846.585
475.795,594.409,594.968
477.14,596.043,719.95
478.484,597.677,844.932
477.652,719.385,593.314
478.997,721.018,718.296
480.342,722.652,843.278
226.3,601.478,101.456
227.145,599.386,226.435
227.991,597.295,351.415
229.712,726.414,103.523
230.557,724.323,228.503
231.403,722.232,353.482
233.124,851.35,105.59
233.969,849.259,230.57
234.815,847.168,355.55
351.251,598.08,100.554
352.096,595.989,225.533
352.941,593.898,350.513
354.662,723.017,102.621
355.508,720.925,227.601
356.353,718.834,352.58
358.074,847.953,104.688
358.92,845.862,229.668
359.765,843.771,354.648
476.201,594.683,99.6516
477.046,592.592,224.631
477.892,590.5,349.611
479.613,719.619,101.719
480.458,717.528,226.699
481.304,715.437,351.678
483.025,844.555,103.786
483.87,842.464,228.766
484.716,840.373,353.746
226.402,599.9,223.633
227.926,598.591,348.617
229.451,597.282,473.601
228.537,724.875,224.916
230.062,723.566,349.9
231.586,722.257,474.884
230.672,849.85,226.199
232.197,848.541,351.183
233.721,847.232,476.167
351.374,597.781,222.087
352.899,596.472,347.07
354.423,595.163,472.054
353.509,722.756,223.369
355.034,721.447,348.353
356.558,720.138,473.337
355.645,847.731,224.652
357.169,846.422,349.636
358.694,845.113,474.62
476.347,595.662,220.54
477.871,594.353,345.524
479.396,593.044,470.508
478.482,720.637,221.823
480.006,719.328,346.807
481.531,718.019,471.791
480.617,845.612,223.106
482.142,844.303,348.09
483.666,842.994,473.073
225.962,601.033,349.255
229.489,603.789,474.175
233.017,606.545,599.094
222.892,725.967,346.585
226.42,728.723,471.505
229.947,731.479,596.425
219.823,850.9,343.915
223.351,853.656,468.835
226.878,856.413,593.755
350.874,604.025,345.661
354.402,606.781,470.581
357.929,609.537,595.501
347.805,728.959,342.992
351.332,731.715,467.912
354.86,734.471,592.831
344.736,853.892,340.322
348.263,856.649,465.242
351.79,859.405,590.162
475.787,607.017,342.068
479.314,609.773,466.988
482.842,612.529,591.908
472.718,731.951,339.398
476.245,734.707,464.318
479.772,737.463,589.238
469.648,856.885,336.729
473.176,859.641,461.649
476.703,862.397,586.568
223.232,598.567,474.356
220.328,596.022,599.296
217.424,593.477,724.237
225.999,723.51,476.966
223.095,720.964,601.906
220.191,718.419,726.846
228.765,848.452,479.576
225.862,845.906,604.516
222.958,843.361,729.456
348.167,595.741,477.202
345.263,593.196,602.142
342.36,590.65,727.083
350.934,720.683,479.812
348.03,718.138,604.752
345.127,715.592,729.693
353.701,845.626,482.422
350.797,843.08,607.362
347.893,840.535,732.302
473.103,592.915,480.048
470.199,590.37,604.988
467.295,587.824,729.929
475.87,717.857,482.658
472.966,715.312,607.598
470.062,712.766,732.539
478.637,842.799,485.268
475.733,840.254,610.208
472.829,837.708,735.148
224.704,599.356,600.04
224.52,601.293,725.025
224.337,603.231,850.01
222.486,724.321,598.099
222.303,726.258,723.084
222.119,728.196,848.069
220.268,849.286,596.159
220.085,851.224,721.144
219.901,853.161,846.129
349.684,601.576,600.189
349.501,603.514,725.174
349.317,605.451,850.159
347.466,726.541,598.249
347.283,728.479,723.234
347.099,730.416,848.218
345.249,851.507,596.308
345.065,853.444,721.293
344.881,855.382,846.278
474.665,603.797,600.338
474.481,605.734,725.323
474.297,607.672,850.308
472.447,728.762,598.398
472.263,730.699,723.383
472.079,732.637,848.368
470.229,853.727,596.457
470.045,855.665,721.442
469.861,857.602,846.427
349.936,99.5624,100.898
347.834,100.414,225.877
345.733,101.265,350.857
348.701,224.553,100.026
346.599,225.405,225.005
344.497,226.256,349.984
347.465,349.544,99.1532
345.364,350.396,224.133
343.262,351.247,349.112
474.912,100.812,102.991
472.81,101.664,227.97
470.709,102.515,352.95
473.677,225.803,102.119
471.575,226.655,227.098
469.474,227.506,352.077
472.441,350.794,101.246
470.34,351.645,226.226
468.238,352.497,351.205
599.888,102.062,105.084
597.787,102.913,230.063
595.685,103.765,355.043
598.653,227.053,104.212
596.551,227.904,229.191
594.45,228.756,354.171
597.418,352.044,103.339
595.316,352.895,228.319
593.214,353.747,353.298
351.411,100.368,223.78
351.771,100.431,348.779
352.13,100.493,473.779
351.041,225.368,223.719
351.401,225.43,348.718
351.76,225.492,473.718
350.671,350.367,223.658
351.031,350.429,348.657
351.39,350.492,473.657
476.41,100.738,223.42
476.77,100.8,348.42
477.129,100.862,473.419
476.04,225.738,223.359
476.4,225.8,348.358
476.759,225.862,473.358
475.67,350.737,223.298
476.03,350.799,348.297
476.389,350.861,473.297
601.409,101.108,223.06
601.769,101.17,348.06
602.128,101.232,473.059
601.039,226.107,222.999
601.399,226.17,347.999
601.758,226.232,472.998
600.669,351.107,222.938
601.029,351.169,347.938
601.388,351.231,472.937
348.857,100.987,350.231
347.935,101.757,475.225
347.012,102.527,600.219
352.411,225.935,349.488
351.489,226.704,474.482
350.566,227.474,599.476
355.966,350.882,348.745
355.043,351.651,473.739
354.12,352.421,598.733
473.803,97.4388,351.175
472.881,98.2084,476.169
471.958,98.978,601.164
477.357,222.386,350.432
476.435,223.156,475.426
475.512,223.925,600.421
480.912,347.333,349.689
479.989,348.103,474.683
479.066,348.873,599.678
598.749,93.8903,352.119
597.827,94.6599,477.114
596.904,95.4295,602.108
602.303,218.838,351.376
601.381,219.607,476.371
600.458,220.377,601.365
605.858,343.785,350.633
604.935,344.554,475.627
604.012,345.324,600.622
350.849,101.923,474.972
353.323,102.378,599.947
355.797,102.832,724.922
352.609,226.91,474.483
355.083,227.365,599.458
357.557,227.819,724.432
354.369,351.897,473.994
356.842,352.351,598.968
359.316,352.806,723.943
475.812,100.154,472.505
478.286,100.609,597.48
480.76,101.063,722.455
477.572,225.141,472.016
480.046,225.595,596.99
482.52,226.05,721.965
479.332,350.128,471.526
481.806,350.582,596.501
484.28,351.037,721.476
600.775,98.3851,470.038
603.249,98.8397,595.013
605.723,99.2942,719.987
602.535,223.372,469.549
605.009,223.826,594.523
607.483,224.281,719.498
604.295,348.358,469.059
606.769,348.813,594.034
609.243,349.268,719.008
349.092,99.4311,599.284
348.542,101.474,724.266
347.991,103.516,849.249
352.786,224.36,597.259
352.235,226.403,722.241
351.685,228.445,847.223
356.48,349.289,595.233
355.929,351.332,720.215
355.378,353.374,845.197
474.036,95.7469,599.895
473.486,97.7896,724.877
472.935,99.8323,849.859
477.73,220.676,597.869
477.18,222.719,722.852
476.629,224.761,847.834
481.424,345.605,595.844
480.873,347.648,720.826
480.323,349.69,845.808
598.981,92.0626,600.506
598.43,94.1053,725.488
597.879,96.148,850.47
602.674,216.992,598.48
602.124,219.034,723.462
601.573,221.077,848.444
606.368,341.921,596.454
605.817,343.963,721.437
605.267,346.006,846.419
350.369,224.245,101.389
348.215,222.781,226.362
346.061,221.316,351.335
348.083,349.216,102.814
345.929,347.751,227.787
343.774,346.287,352.76
345.796,474.187,104.239
343.642,472.722,229.212
341.488,471.258,354.184
475.33,226.506,103.57
473.176,225.042,228.542
471.021,223.578,353.515
473.043,351.477,104.994
470.889,350.013,229.967
468.735,348.549,354.94
470.757,476.448,106.419
468.602,474.984,231.392
466.448,473.52,356.365
600.29,228.768,105.75
598.136,227.304,230.723
595.982,225.839,355.696
598.004,353.739,107.175
595.85,352.275,232.148
593.695,350.81,357.121
595.717,478.71,108.6
593.563,477.245,233.573
591.409,475.781,358.546
348.137,223.148,225.373
347.079,223.506,350.368
346.021,223.865,475.363
344.445,348.093,224.983
343.387,348.451,349.978
342.329,348.81,474.973
340.752,473.037,224.593
339.694,473.396,349.588
338.636,473.755,474.583
473.078,226.843,226.42
472.02,227.202,351.415
470.962,227.561,476.41
469.386,351.788,226.03
468.328,352.147,351.025
467.27,352.505,476.02
465.693,476.733,225.64
464.635,477.092,350.635
463.577,477.45,475.63
598.019,230.539,227.466
596.961,230.898,352.462
595.903,231.256,477.457
594.327,355.484,227.077
593.269,355.842,352.072
592.211,356.201,477.067
590.634,480.429,226.687
589.576,480.787,351.682
588.518,481.146,476.677
348.237,225.005,351.614
345.341,226.336,476.574
342.445,227.667,601.533
344.878,349.952,350.206
341.982,351.283,475.165
339.086,352.614,600.124
341.518,474.898,348.797
338.623,476.23,473.756
335.727,477.561,598.716
473.158,228.395,354.473
470.262,229.727,479.433
467.367,231.058,604.392
469.799,353.342,353.064
466.903,354.673,478.024
464.007,356.005,602.983
466.44,478.289,351.656
463.544,479.62,476.615
460.648,480.951,601.574
598.08,231.786,357.332
595.184,233.117,482.291
592.288,234.448,607.251
594.72,356.733,355.923
591.824,358.064,480.883
588.929,359.395,605.842
591.361,481.68,354.514
588.465,483.011,479.474
585.569,484.342,604.433
350.177,224.59,475.464
350.519,227.199,600.436
350.861,229.808,725.409
350.889,349.56,472.853
351.231,352.169,597.825
351.573,354.778,722.798
351.6,474.531,470.242
351.942,477.14,595.215
352.284,479.749,720.187
475.174,223.871,475.137
475.516,226.48,600.109
475.858,229.089,725.082
475.886,348.842,472.526
476.228,351.451,597.498
476.57,354.06,722.471
476.598,473.812,469.915
476.94,476.421,594.887
477.282,479.03,719.86
600.172,223.152,474.81
600.514,225.761,599.782
600.856,228.37,724.754
600.884,348.123,472.199
601.226,350.732,597.171
601.568,353.341,722.144
601.595,473.093,469.588
601.937,475.702,594.56
602.279,478.311,719.533
351.187,226.27,598.463
352.752,226.36,723.453
354.317,226.45,848.444
348.837,351.248,598.402
350.403,351.338,723.393
351.968,351.428,848.383
346.488,476.226,598.342
348.053,476.316,723.332
349.618,476.406,848.322
476.155,228.619,596.896
477.72,228.709,721.887
479.286,228.799,846.877
473.805,353.597,596.836
475.371,353.687,721.826
476.936,353.777,846.816
471.456,478.575,596.775
473.021,478.665,721.765
474.586,478.755,846.755
601.123,230.967,595.33
602.688,231.058,720.32
604.254,231.148,845.31
598.773,355.945,595.269
600.339,356.035,720.259
601.904,356.126,845.249
596.424,480.923,595.208
597.989,481.013,720.198
599.554,481.104,845.189
351.054,349.296,100.188
349.651,350.484,225.174
348.249,351.673,350.161
352.746,474.279,99.0183
351.344,475.467,224.005
349.941,476.656,348.991
354.438,599.262,97.8486
353.036,600.45,222.835
351.634,601.639,347.822
476.034,347.616,101.606
474.632,348.805,226.593
473.229,349.994,351.579
477.727,472.599,100.437
476.324,473.788,225.423
474.922,474.977,350.41
479.419,597.583,99.2669
478.017,598.771,224.253
476.614,599.96,349.24
601.015,345.937,103.025
599.612,347.126,228.011
598.21,348.315,352.998
602.707,470.92,101.855
601.305,472.109,226.841
599.903,473.298,351.828
604.4,595.903,100.685
602.997,597.092,225.672
601.595,598.281,350.658
350.847,349.328,224.191
354.247,346.568,349.115
357.647,343.809,474.038
347.223,474.242,227.049
350.623,471.483,351.973
354.023,468.723,476.896
343.599,599.157,229.907
346.999,596.398,354.831
350.399,593.638,479.754
475.748,353.027,220.874
479.148,350.267,345.797
482.548,347.508,470.721
472.124,477.942,223.732
475.524,475.182,348.655
478.924,472.423,473.578
468.5,602.856,226.59
471.9,600.097,351.513
475.3,597.337,476.436
600.649,356.726,217.556
604.049,353.967,342.48
607.449,351.207,467.403
597.026,481.641,220.414
600.425,478.882,345.338
603.825,476.122,470.261
593.402,606.556,223.272
596.802,603.796,348.196
600.201,601.037,473.119
350.296,348.068,351.63
348.637,347.841,476.618
346.977,347.613,601.607
351.507,473.062,351.873
349.848,472.835,476.862
348.188,472.607,601.851
352.718,598.056,352.116
351.058,597.828,477.105
349.399,597.601,602.094
475.279,346.854,353.287
473.62,346.627,478.275
471.961,346.4,603.264
476.49,471.848,353.53
474.831,471.621,478.519
473.171,471.393,603.508
477.701,596.842,353.773
476.041,596.615,478.762
474.382,596.387,603.751
600.262,345.64,354.944
598.603,345.413,479.933
596.944,345.186,604.921
601.473,470.634,355.187
599.814,470.407,480.176
598.154,470.18,605.165
602.684,595.628,355.431
601.025,595.401,480.419
599.365,595.173,605.408
351.608,349.512,476.603
354.709,351.06,601.555
357.811,352.609,726.507
352.879,474.495,475.023
355.981,476.044,599.975
359.082,477.593,724.927
354.15,599.479,473.442
357.252,601.027,598.394
360.354,602.576,723.346
476.563,348.202,473.518
479.665,349.75,598.47
482.766,351.299,723.422
477.834,473.185,471.937
480.936,474.734,596.889
484.037,476.283,721.841
479.105,598.169,470.357
482.207,599.717,595.309
485.309,601.266,720.261
601.518,346.892,470.432
604.62,348.44,595.384
607.721,349.989,720.336
602.789,471.875,468.852
605.891,473.424,593.804
608.992,474.973,718.756
604.06,596.859,467.271
607.162,598.407,592.223
610.264,599.956,717.175
350.599,351.738,599.37
352.856,349.377,724.327
355.113,347.017,849.285
353.037,476.692,601.686
355.294,474.332,726.644
357.55,471.972,851.601
355.475,601.647,604.002
357.731,599.287,728.96
359.988,596.927,853.917
475.555,349.342,597.068
477.812,346.982,722.026
480.068,344.622,846.983
477.993,474.297,599.384
480.25,471.937,724.342
482.506,469.577,849.299
480.431,599.252,601.7
482.687,596.892,726.658
484.944,594.532,851.615
600.511,346.947,594.766
602.768,344.587,719.724
605.024,342.227,844.681
602.949,471.902,597.082
605.205,469.542,722.04
607.462,467.182,846.997
605.386,596.857,599.398
607.643,594.497,724.356
609.9,592.137,849.313
350.054,476.907,100.664
352.335,473.904,225.607
354.616,470.9,350.55
347.641,601.847,103.712
349.922,598.843,228.655
352.204,595.84,353.598
345.228,726.786,106.759
347.51,723.783,231.702
349.791,720.779,356.645
475.009,479.374,98.442
477.291,476.371,223.385
479.572,473.367,348.328
472.597,604.314,101.489
474.878,601.31,226.433
477.159,598.307,351.376
470.184,729.253,104.537
472.466,726.25,229.48
474.747,723.246,354.423
599.965,481.841,96.2198
602.247,478.838,221.163
604.528,475.834,346.106
597.553,606.781,99.2673
599.834,603.777,224.21
602.115,600.774,349.153
595.14,731.721,102.315
597.422,728.717,227.258
599.703,725.713,352.201
349.79,475.498,224.702
346.597,472.014,349.612
343.404,468.53,474.523
351.303,600.439,228.225
348.11,596.955,353.136
344.917,593.471,478.047
352.816,725.381,231.749
349.623,721.896,356.66
346.43,718.412,481.571
474.74,473.897,227.851
471.547,470.412,352.761
468.354,466.928,477.672
476.253,598.838,231.375
473.06,595.353,356.285
469.867,591.869,481.196
477.766,723.779,234.899
474.573,720.294,359.809
471.38,716.81,484.72
599.69,472.295,231
596.497,468.81,355.911
593.304,465.326,480.821
601.203,597.236,234.524
598.01,593.752,359.435
594.817,590.267,484.345
602.716,722.177,238.048
599.523,718.693,362.958
596.33,715.208,487.869
351.038,473.527,350.8
353.154,477.024,475.733
355.27,480.521,600.666
350.869,598.478,347.305
352.984,601.975,472.238
355.1,605.472,597.171
350.699,723.429,343.81
352.814,726.926,468.743
354.93,730.423,593.677
476.02,473.638,348.68
478.136,477.135,473.614
480.252,480.632,598.547
475.851,598.589,345.186
477.966,602.086,470.119
480.082,605.583,595.052
475.681,723.54,341.691
477.796,727.037,466.624
479.912,730.534,591.557
601.002,473.748,346.561
603.118,477.245,471.494
605.234,480.743,596.427
600.833,598.699,343.066
602.948,602.196,467.999
605.064,605.694,592.932
600.663,723.65,339.571
602.778,727.147,464.504
604.894,730.645,589.438
351.564,475.996,476.402
348.963,474.008,601.359
346.361,472.02,726.317
353.811,600.959,478.437
351.21,598.971,603.394
348.608,596.983,728.352
356.058,725.923,480.472
353.457,723.935,605.429
350.856,721.947,730.387
476.517,473.707,478.967
473.915,471.719,603.924
471.314,469.731,728.881
478.764,598.671,481.002
476.163,596.683,605.959
473.561,594.695,730.916
481.011,723.634,483.037
478.41,721.646,607.994
475.808,719.658,732.951
601.47,471.419,481.532
598.868,469.431,606.489
596.267,467.443,731.446
603.717,596.382,483.567
601.115,594.394,608.524
598.514,592.406,733.481
605.964,721.345,485.602
603.362,719.357,610.559
600.761,717.369,735.516
348.383,476.748,601.139
349.899,473.489,726.087
351.414,470.231,851.036
344.818,601.653,604.44
346.333,598.395,729.388
347.849,595.136,854.336
341.252,726.559,607.74
342.767,723.3,732.688
344.283,720.042,857.637
473.323,480.352,599.718
474.839,477.093,724.666
476.354,473.835,849.614
469.758,605.257,603.018
471.273,601.999,727.966
472.789,598.741,852.915
466.192,730.163,606.319
467.707,726.905,731.267
469.223,723.646,856.215
598.263,483.956,598.296
599.779,480.698,723.245
601.294,477.439,848.193
594.698,608.862,601.597
596.213,605.603,726.545
597.729,602.345,851.493
591.132,733.767,604.897
592.647,730.509,729.846
594.163,727.25,854.794
350.452,600.496,100.254
351.544,599.434,225.245
352.636,598.373,350.236
352.591,725.473,101.297
353.683,724.412,226.288
354.775,723.35,351.279
354.731,850.45,102.34
355.823,849.389,227.331
356.915,848.327,352.322
475.429,598.366,99.1445
476.521,597.304,224.135
477.613,596.242,349.126
477.568,723.343,100.187
478.66,722.281,225.178
479.752,721.22,350.169
479.708,848.32,101.23
480.8,847.259,226.221
481.892,846.197,351.212
600.406,596.235,98.0345
601.498,595.174,223.025
602.59,594.112,348.016
602.545,721.213,99.0774
603.637,720.151,224.068
604.729,719.09,349.059
604.685,846.19,100.12
605.776,845.128,225.111
606.868,844.067,350.102
350.966,598.665,225.315
349.123,596.793,350.288
347.279,594.922,475.26
352.577,723.64,227.211
350.734,721.769,352.183
348.89,719.897,477.156
354.188,848.616,229.106
352.345,846.744,354.079
350.501,844.872,479.051
475.942,597.026,227.135
474.099,595.155,352.107
472.255,593.283,477.079
477.553,722.002,229.03
475.71,720.13,354.003
473.866,718.258,478.975
479.164,846.977,230.926
477.321,845.105,355.898
475.477,843.233,480.871
600.918,595.388,228.954
599.075,593.516,353.926
597.231,591.644,478.899
602.529,720.363,230.849
600.686,718.491,355.822
598.842,716.62,480.794
604.14,845.338,232.745
602.297,843.467,357.717
600.453,841.595,482.69
351.888,600.035,350.195
355.377,601.557,475.137
358.866,603.08,600.079
354.557,724.996,348.598
358.046,726.519,473.54
361.535,728.041,598.482
357.226,849.958,347
360.715,851.48,471.942
364.203,853.003,596.884
476.811,597.323,346.74
480.3,598.845,471.682
483.789,600.368,596.624
479.48,722.284,345.142
482.969,723.807,470.084
486.458,725.329,595.026
482.148,847.245,343.545
485.637,848.768,468.487
489.126,850.291,593.429
601.734,594.611,343.284
605.223,596.133,468.226
608.712,597.656,593.168
604.403,719.572,341.687
607.891,721.095,466.629
611.38,722.617,591.571
607.071,844.533,340.09
610.56,846.056,465.032
614.049,847.579,589.974
350.784,601.3,474.853
354.428,602.698,599.792
358.072,604.096,724.731
349.085,726.281,473.504
352.729,727.679,598.443
356.373,729.077,723.382
347.386,851.262,472.155
351.03,852.66,597.094
354.674,854.058,722.033
475.719,602.958,471.19
479.363,604.357,596.129
483.007,605.755,721.068
474.02,727.94,469.841
477.664,729.338,594.78
481.308,730.736,719.719
472.321,852.921,468.492
475.965,854.319,593.431
479.609,855.717,718.37
600.654,604.617,467.528
604.298,606.015,592.467
607.943,607.413,717.406
598.955,729.598,466.179
602.599,730.997,591.118
606.244,732.395,716.057
597.256,854.58,464.83
600.901,855.978,589.769
604.545,857.376,714.708
348.729,600.895,600.294
347.301,603.81,725.251
345.873,606.725,850.209
350.005,725.854,597.393
348.577,728.77,722.351
347.149,731.685,847.309
351.282,850.814,594.492
349.854,853.729,719.45
348.425,856.645,844.408
473.714,599.652,601.751
472.286,602.567,726.709
470.858,605.482,851.667
474.991,724.612,598.85
473.563,727.527,723.808
472.134,730.442,848.766
476.267,849.572,595.95
474.839,852.487,720.908
473.411,855.402,845.865
598.7,598.409,603.208
597.272,601.324,728.166
595.844,604.24,853.124
599.976,723.369,600.308
598.548,726.284,725.266
597.12,729.199,850.223
601.252,848.329,597.407
599.824,851.244,722.365
598.396,854.159,847.323
476.909,101.061,99.2781
477.554,101.072,224.276
478.199,101.082,349.275
478.723,226.048,99.2582
479.367,226.059,224.257
480.012,226.069,349.255
480.536,351.035,99.2382
481.181,351.046,224.237
481.826,351.056,349.235
601.894,99.2476,98.6336
602.539,99.2582,223.632
603.184,99.2688,348.63
603.708,224.234,98.6136
604.353,224.245,223.612
604.997,224.256,348.61
605.521,349.221,98.5937
606.166,349.232,223.592
606.811,349.242,348.59
726.879,97.434,97.989
727.524,97.4446,222.987
728.169,97.4552,347.986
728.693,222.421,97.9691
729.338,222.431,222.967
729.983,222.442,347.966
730.507,347.408,97.9491
731.151,347.418,222.947
731.796,347.429,347.946
474.389,98.164,223.379
477.638,94.9192,348.294
480.887,91.6744,473.21
477.304,223.09,226.548
480.553,219.845,351.463
483.802,216.6,476.379
480.22,348.016,229.717
483.469,344.771,354.633
486.717,341.526,479.548
599.313,95.3331,220.056
602.562,92.0883,344.972
605.811,88.8435,469.887
602.228,220.259,223.225
605.477,217.014,348.141
608.726,213.769,473.056
605.143,345.185,226.394
608.392,341.94,351.31
611.641,338.695,476.226
724.237,92.5022,216.733
727.486,89.2574,341.649
730.734,86.0126,466.564
727.152,217.428,219.902
730.401,214.183,344.818
733.65,210.938,469.734
730.067,342.354,223.072
733.316,339.109,347.987
736.565,335.864,472.903
473.433,98.8954,351.733
471.52,95.944,476.683
469.607,92.9927,601.634
471.203,223.841,354.65
469.29,220.89,479.6
467.377,217.939,604.551
468.974,348.788,357.567
467.06,345.836,482.518
465.147,342.885,607.468
598.399,101.08,353.698
596.486,98.1284,478.648
594.573,95.1771,603.599
596.169,226.026,356.615
594.256,223.074,481.565
592.343,220.123,606.516
593.939,350.972,359.532
592.026,348.021,484.482
590.113,345.069,609.433
723.364,103.264,355.663
721.451,100.313,480.613
719.538,97.3615,605.564
721.134,228.21,358.58
719.221,225.259,483.53
717.308,222.308,608.481
718.904,353.156,361.497
716.991,350.205,486.447
715.078,347.254,611.398
476.625,99.4543,474.841
475.317,96.875,599.808
474.009,94.2956,724.774
477.826,224.422,477.433
476.517,221.842,602.4
475.209,219.263,727.366
479.026,349.389,480.025
477.718,346.81,604.992
476.409,344.23,729.958
601.613,98.2271,476.125
600.304,95.6478,601.091
598.996,93.0684,726.058
602.813,223.194,478.717
601.505,220.615,603.683
600.196,218.036,728.65
604.014,348.162,481.308
602.705,345.582,606.275
601.397,343.003,731.242
726.6,96.9999,477.408
725.292,94.4205,602.374
723.983,91.8412,727.341
727.801,221.967,480
726.492,219.388,604.966
725.184,216.809,729.933
729.001,346.935,482.592
727.693,344.355,607.558
726.384,341.776,732.525
476.749,100.575,599.443
476.267,98.3381,724.422
475.784,96.1011,849.401
475.261,225.546,601.674
474.779,223.309,726.653
474.297,221.072,851.632
473.774,350.518,603.906
473.292,348.281,728.885
472.809,346.044,853.864
601.739,102.054,599.952
601.257,99.8167,724.931
600.775,97.5797,849.91
600.252,227.025,602.183
599.769,224.788,727.162
599.287,222.551,852.141
598.764,351.996,604.414
598.282,349.759,729.393
597.8,347.522,854.372
726.729,103.532,600.461
726.247,101.295,725.44
725.765,99.0583,850.419
725.242,228.504,602.692
724.76,226.267,727.671
724.277,224.03,852.65
723.754,353.475,604.923
723.272,351.238,729.902
722.79,349.001,854.881
476.409,224.54,100.882
473.599,227.614,225.813
470.789,230.687,350.743
473.909,349.476,97.7521
471.1,352.549,222.683
468.29,355.623,347.613
471.41,474.411,94.6221
468.6,477.485,219.553
465.79,480.559,344.483
601.352,227.108,103.629
598.542,230.182,228.56
595.733,233.256,353.49
598.853,352.044,100.499
596.043,355.118,225.43
593.233,358.191,350.36
596.354,476.98,97.369
593.544,480.053,222.3
590.734,483.127,347.23
726.296,229.676,106.376
723.486,232.75,231.307
720.676,235.824,356.237
723.796,354.612,103.246
720.986,357.686,228.177
718.177,360.76,353.107
721.297,479.548,100.116
718.487,482.622,225.047
715.677,485.695,349.977
476.616,225.825,226.945
475.827,223.655,351.924
475.037,221.485,476.902
475.076,350.797,229.105
474.287,348.627,354.084
473.497,346.457,479.062
473.537,475.769,231.265
472.747,473.599,356.244
471.958,471.429,481.223
601.604,227.351,227.761
600.815,225.181,352.74
600.025,223.011,477.718
600.064,352.323,229.921
599.275,350.153,354.9
598.485,347.983,479.879
598.525,477.295,232.081
597.735,475.125,357.06
596.946,472.955,482.039
726.592,228.877,228.577
725.803,226.707,353.556
725.013,224.537,478.534
725.052,353.849,230.737
724.263,351.679,355.716
723.474,349.509,480.695
723.513,478.821,232.897
722.723,476.651,357.876
721.934,474.481,482.855
474.248,226.112,350.108
477.823,228.352,475.037
481.398,230.592,599.965
476.833,351.063,347.793
480.408,353.304,472.722
483.983,355.544,597.651
479.418,476.015,345.479
482.993,478.255,470.408
486.568,480.495,595.337
599.17,223.462,346.581
602.745,225.702,471.509
606.32,227.942,596.438
601.755,348.414,344.266
605.33,350.654,469.195
608.905,352.894,594.124
604.34,473.365,341.952
607.915,475.606,466.88
611.49,477.846,591.809
724.092,220.812,343.053
727.667,223.052,467.982
731.242,225.292,592.911
726.677,345.764,340.739
730.252,348.004,465.668
733.827,350.244,590.596
729.262,470.716,338.424
732.837,472.956,463.353
736.412,475.196,588.282
475.467,226.423,473.802
475.96,222.914,598.752
476.452,219.406,723.701
477.099,351.363,477.304
477.592,347.855,602.254
478.084,344.346,727.203
478.732,476.304,480.806
479.224,472.795,605.756
479.716,469.286,730.705
600.456,224.805,473.264
600.948,221.297,598.214
601.44,217.788,723.163
602.088,349.746,476.766
602.58,346.237,601.716
603.072,342.728,726.665
603.72,474.686,480.268
604.212,471.177,605.218
604.705,467.668,730.168
725.444,223.188,472.726
725.936,219.679,597.676
726.429,216.17,722.625
727.076,348.128,476.228
727.569,344.619,601.178
728.061,341.111,726.128
728.708,473.068,479.73
729.201,469.56,604.68
729.693,466.051,729.63
475.484,225.808,600.921
477.53,225.184,725.903
479.575,224.559,850.885
473.564,350.792,601.577
475.61,350.167,726.559
477.655,349.543,851.54
471.644,475.775,602.233
473.69,475.151,727.215
475.736,474.526,852.196
600.453,227.739,598.886
602.498,227.114,723.867
604.544,226.49,848.849
598.533,352.722,599.541
600.578,352.098,724.523
602.624,351.473,849.505
596.613,477.706,600.197
598.658,477.081,725.179
600.704,476.457,850.161
725.421,229.669,596.85
727.467,229.045,721.832
729.512,228.42,846.813
723.501,354.653,597.506
725.547,354.028,722.487
727.593,353.404,847.469
721.581,479.636,598.162
723.627,479.012,723.143
725.673,478.387,848.125
473.441,348.226,99.7807
471.202,350.302,224.743
468.962,352.378,349.706
474.529,473.204,97.7237
472.29,475.281,222.686
470.05,477.357,347.649
475.617,598.183,95.6667
473.378,600.259,220.629
471.138,602.335,345.592
598.417,347.175,102.038
596.177,349.251,227.001
593.937,351.328,351.963
599.505,472.154,99.981
597.265,474.23,224.944
595.025,476.306,349.906
600.592,597.132,97.924
598.353,599.208,222.887
596.113,601.284,347.849
723.392,346.124,104.295
721.152,348.201,229.258
718.913,350.277,354.221
724.48,471.103,102.238
722.24,473.179,227.201
720.001,475.255,352.164
725.568,596.081,100.181
723.328,598.157,225.144
721.089,600.234,350.107
473.003,348.573,225.906
475.37,350.785,350.864
477.738,352.997,475.822
473.41,473.553,223.686
475.778,475.765,348.644
478.145,477.976,473.602
473.817,598.532,221.467
476.185,600.744,346.425
478.553,602.956,471.383
597.98,348.124,223.546
600.347,350.336,348.504
602.715,352.548,473.462
598.387,473.104,221.326
600.755,475.316,346.284
603.122,477.527,471.242
598.794,598.083,219.106
601.162,600.295,344.064
603.53,602.507,469.022
722.957,347.675,221.186
725.324,349.887,346.144
727.692,352.099,471.102
723.364,472.655,218.966
725.732,474.866,343.924
728.099,477.078,468.882
723.771,597.634,216.746
726.139,599.846,341.704
728.506,602.058,466.662
476.951,348.422,351.049
474.193,349.645,476.012
471.434,350.869,600.976
479.298,473.395,349.877
476.539,474.618,474.841
473.78,475.841,599.804
481.644,598.367,348.705
478.885,599.59,473.669
476.127,600.814,598.633
601.899,346.102,353.83
599.14,347.326,478.793
596.382,348.549,603.757
604.245,471.075,352.658
601.487,472.298,477.622
598.728,473.521,602.585
606.592,596.047,351.486
603.833,597.271,476.45
601.074,598.494,601.414
726.846,343.782,356.611
724.088,345.006,481.574
721.329,346.229,606.538
729.193,468.755,355.439
726.434,469.978,480.402
723.676,471.202,605.366
731.539,593.727,354.267
728.781,594.951,479.231
726.022,596.174,604.194
475.156,349.65,474.415
476.676,350.571,599.403
478.195,351.492,724.39
477.795,474.618,473.462
479.315,475.54,598.45
480.834,476.461,723.437
480.434,599.587,472.509
481.953,600.508,597.497
483.473,601.429,722.484
600.119,347,472.915
601.639,347.921,597.903
603.158,348.842,722.89
602.758,471.968,471.962
604.277,472.889,596.95
605.797,473.81,721.937
605.397,596.937,471.009
606.916,597.858,595.997
608.436,598.779,720.984
725.082,344.35,471.416
726.602,345.271,596.403
728.121,346.192,721.39
727.721,469.318,470.463
729.24,470.239,595.45
730.76,471.16,720.437
730.359,594.287,469.509
731.879,595.208,594.497
733.399,596.129,719.484
476.382,351.606,601.459
479.965,350.287,726.4
483.548,348.969,851.342
478.027,476.589,602.73
481.61,475.27,727.672
485.194,473.952,852.614
479.673,601.571,604.002
483.256,600.253,728.944
486.839,598.934,853.885
601.32,349.998,597.859
604.903,348.679,722.8
608.486,347.361,847.742
602.965,474.98,599.13
606.548,473.662,724.072
610.131,472.343,849.014
604.611,599.963,600.402
608.194,598.645,725.344
611.777,597.326,850.286
726.257,348.389,594.259
729.84,347.071,719.2
733.424,345.752,844.142
727.903,473.372,595.531
731.486,472.053,720.472
735.069,470.735,845.414
729.549,598.355,596.802
733.132,597.036,721.744
736.715,595.718,846.686
475.369,473.845,101.116
476.448,474.171,226.11
477.528,474.497,351.105
478.033,598.816,100.767
479.112,599.142,225.762
480.192,599.468,350.757
480.697,723.787,100.418
481.776,724.113,225.413
482.855,724.439,350.408
600.336,471.178,100.043
601.415,471.504,225.038
602.495,471.83,350.033
603,596.15,99.6946
604.079,596.475,224.69
605.159,596.801,349.684
605.664,721.121,99.3459
606.743,721.446,224.341
607.822,721.772,349.336
725.303,468.512,98.9712
726.382,468.837,223.966
727.462,469.163,348.961
727.967,593.483,98.6225
729.046,593.809,223.617
730.125,594.134,348.612
730.631,718.454,98.2737
731.71,718.78,223.269
732.789,719.105,348.264
476.579,475.821,226.13
478.048,472.548,351.079
479.516,469.274,476.027
477.05,600.777,229.398
478.519,597.504,354.347
479.988,594.231,479.295
477.522,725.734,232.666
478.991,722.46,357.615
480.46,719.187,482.563
601.569,475.388,224.649
603.038,472.115,349.598
604.507,468.841,474.546
602.041,600.344,227.917
603.51,597.071,352.866
604.979,593.798,477.814
602.513,725.301,231.186
603.981,722.027,356.134
605.45,718.754,481.083
726.56,474.955,223.169
728.028,471.681,348.117
729.497,468.408,473.066
727.031,599.911,226.437
728.5,596.638,351.385
729.969,593.364,476.334
727.503,724.868,229.705
728.972,721.594,354.653
730.441,718.321,479.602
475.287,474.342,350.971
475.072,470.601,475.915
474.856,466.861,600.859
472.193,599.248,354.705
471.978,595.507,479.649
471.762,591.767,604.593
469.099,724.154,358.439
468.883,720.413,483.383
468.668,716.673,608.327
600.249,477.428,351.279
600.033,473.688,476.223
599.818,469.947,601.167
597.155,602.334,355.013
596.939,598.594,479.957
596.724,594.853,604.901
594.06,727.24,358.747
593.845,723.499,483.691
593.63,719.759,608.634
725.21,480.514,351.587
724.995,476.774,476.531
724.779,473.034,601.475
722.116,605.42,355.321
721.901,601.68,480.265
721.685,597.939,605.208
719.022,730.326,359.055
718.807,726.586,483.998
718.591,722.845,608.942
476.526,474.625,473.727
479.804,477.317,598.655
483.081,480.009,723.583
473.736,599.567,471.108
477.014,602.258,596.036
480.291,604.95,720.964
470.946,724.508,468.489
474.224,727.2,593.417
477.501,729.892,718.345
601.452,477.345,470.391
604.729,480.037,595.319
608.007,482.728,720.247
598.662,602.286,467.772
601.94,604.978,592.7
605.217,607.67,717.628
595.872,727.228,465.154
599.15,729.919,590.082
602.427,732.611,715.01
726.378,480.065,467.056
729.655,482.756,591.984
732.933,485.448,716.912
723.588,605.006,464.437
726.865,607.698,589.365
730.143,610.39,714.293
720.798,729.947,461.818
724.075,732.639,586.746
727.353,735.331,711.674
475.234,475.432,598.974
477.637,475.031,723.951
480.04,474.629,848.927
471.68,600.381,599.444
474.083,599.979,724.421
476.486,599.577,849.397
468.126,725.329,599.914
470.529,724.928,724.89
472.932,724.526,849.867
600.161,478.995,596.584
602.563,478.593,721.56
604.966,478.191,846.536
596.606,603.943,597.054
599.009,603.542,722.03
601.412,603.14,847.006
593.052,728.892,597.524
595.455,728.49,722.5
597.858,728.089,847.476
725.087,482.557,594.193
727.49,482.156,719.17
729.893,481.754,844.146
721.533,607.506,594.663
723.936,607.104,719.64
726.339,606.702,844.616
717.979,732.454,595.133
720.382,732.053,720.11
722.784,731.651,845.086
476.235,598.852,101.361
473.094,595.656,226.281
469.953,592.46,351.201
474.773,723.803,104.521
471.632,720.607,229.441
468.492,717.411,354.361
473.312,848.755,107.682
470.171,845.559,232.601
467.03,842.363,357.521
601.187,600.233,104.538
598.046,597.037,229.458
594.905,593.841,354.377
599.725,725.185,107.698
596.584,721.988,232.618
593.444,718.792,357.538
598.264,850.136,110.858
595.123,846.94,235.778
591.982,843.744,360.698
726.139,601.614,107.715
722.998,598.418,232.635
719.857,595.222,357.554
724.677,726.566,110.875
721.536,723.37,235.795
718.396,720.174,360.714
723.216,851.517,114.035
720.075,848.321,238.955
716.934,845.125,363.875
476.742,601.757,224.712
480.442,601.799,349.657
484.142,601.841,474.603
474.337,726.734,224.741
478.037,726.776,349.686
481.737,726.818,474.632
471.933,851.711,224.77
475.633,851.753,349.716
479.333,851.795,474.661
601.664,604.161,221.012
605.364,604.203,345.957
609.064,604.245,470.902
599.259,729.138,221.041
602.959,729.18,345.986
606.66,729.222,470.931
596.855,854.115,221.07
600.555,854.157,346.015
604.255,854.199,470.961
726.586,606.565,217.312
730.286,606.607,342.257
733.986,606.65,467.202
724.181,731.542,217.341
727.882,731.584,342.286
731.582,731.626,467.231
721.777,856.519,217.37
725.477,856.561,342.315
729.177,856.603,467.26
474.37,601.148,350.369
473.516,603.124,475.35
472.662,605.1,600.332
473.461,726.129,348.387
472.607,728.105,473.368
471.753,730.081,598.35
472.552,851.11,346.405
471.698,853.086,471.386
470.844,855.062,596.368
599.364,602.07,351.208
598.51,604.046,476.19
597.656,606.022,601.171
598.455,727.051,349.226
597.601,729.027,474.207
596.747,731.003,599.189
597.546,852.032,347.244
596.692,854.008,472.225
595.838,855.984,597.207
724.357,602.993,352.047
723.504,604.969,477.029
722.65,606.944,602.01
723.448,727.974,350.065
722.595,729.95,475.047
721.741,731.925,600.028
722.539,852.955,348.083
721.686,854.931,473.065
720.832,856.906,598.046
474.664,600.502,474.826
471.657,603.619,599.751
468.65,606.735,724.676
478.209,725.415,471.795
475.202,728.531,596.72
472.196,731.648,721.645
481.755,850.328,468.764
478.748,853.444,593.689
475.741,856.561,718.614
599.578,597.032,477.919
596.571,600.148,602.844
593.564,603.265,727.769
603.123,721.945,474.888
600.116,725.061,599.813
597.109,728.178,724.738
606.668,846.858,471.857
603.661,849.974,596.782
600.654,853.091,721.707
724.491,593.561,481.013
721.484,596.678,605.937
718.477,599.795,730.862
728.036,718.474,477.982
725.03,721.591,602.907
722.023,724.708,727.831
731.582,843.387,474.951
728.575,846.504,599.876
725.568,849.621,724.8
476.165,598.152,599.622
479.16,598.221,724.586
482.154,598.29,849.55
473.616,723.126,599.614
476.61,723.195,724.578
479.604,723.264,849.542
471.067,848.1,599.606
474.061,848.169,724.57
477.055,848.238,849.534
601.103,600.701,596.627
604.098,600.77,721.591
607.092,600.839,846.555
598.554,725.675,596.619
601.548,725.744,721.583
604.543,725.813,846.547
596.005,850.649,596.611
598.999,850.718,721.575
601.993,850.787,846.539
726.042,603.249,593.632
729.036,603.318,718.596
732.03,603.387,843.56
723.492,728.223,593.624
726.486,728.292,718.588
729.481,728.361,843.552
720.943,853.197,593.616
723.937,853.266,718.58
726.931,853.335,843.544
601.77,101.252,98.1864
604.049,103.289,223.149
606.328,105.326,348.112
602.45,226.233,96.1364
604.729,228.27,221.099
607.008,230.308,346.062
603.13,351.214,94.0864
605.409,353.252,219.049
607.688,355.289,344.012
726.748,100.535,95.9191
729.026,102.572,220.882
731.305,104.609,345.844
727.428,225.516,93.8691
729.707,227.553,218.832
731.985,229.591,343.794
728.108,350.497,91.8191
730.387,352.535,216.782
732.665,354.572,341.744
851.725,99.8174,93.6518
854.004,101.855,218.614
856.283,103.892,343.577
852.405,224.799,91.6018
854.684,226.836,216.564
856.963,228.873,341.527
853.085,349.78,89.5518
855.364,351.817,214.514
857.643,353.855,339.477
601.013,98.2631,225.982
603.127,98.9927,350.962
605.241,99.7223,475.942
598.839,223.242,225.289
600.953,223.972,350.269
603.067,224.701,475.249
596.665,348.221,224.596
598.779,348.951,349.576
600.893,349.681,474.556
725.976,100.425,223.856
728.09,101.155,348.836
730.204,101.885,473.816
723.802,225.405,223.163
725.916,226.134,348.143
728.03,226.864,473.123
721.628,350.384,222.47
723.742,351.113,347.45
725.856,351.843,472.43
850.94,102.588,221.729
853.054,103.317,346.709
855.168,104.047,471.689
848.765,227.567,221.036
850.879,228.296,346.016
852.993,229.026,470.996
846.591,352.546,220.344
848.705,353.276,345.324
850.819,354.005,470.304
599.517,99.1243,348.037
599.19,97.647,473.028
598.863,96.1698,598.019
601.81,224.094,349.52
601.483,222.617,474.511
601.156,221.14,599.502
604.102,349.065,351.003
603.775,347.587,475.994
603.448,346.11,600.985
724.496,96.828,348.337
724.169,95.3508,473.328
723.842,93.8735,598.319
726.788,221.798,349.82
726.461,220.321,474.811
726.134,218.844,599.802
729.081,346.768,351.303
728.754,345.291,476.294
728.427,343.814,601.285
849.474,94.5318,348.637
849.147,93.0545,473.628
848.82,91.5772,598.618
851.767,219.502,350.12
851.44,218.025,475.111
851.113,216.547,600.101
854.059,344.472,351.603
853.732,342.995,476.594
853.405,341.518,601.584
598.026,98.4875,475.291
598.987,95.5163,600.252
599.948,92.545,725.213
598.921,223.449,478.256
599.882,220.478,603.217
600.843,217.507,728.178
599.817,348.411,481.22
600.778,345.44,606.181
601.739,342.468,731.142
723.019,97.6151,474.309
723.98,94.6438,599.27
724.941,91.6725,724.231
723.914,222.577,477.274
724.875,219.605,602.235
725.836,216.634,727.196
724.81,347.538,480.238
725.771,344.567,605.199
726.732,341.596,730.16
848.012,96.7426,473.327
848.973,93.7713,598.288
849.934,90.8,723.249
848.907,221.704,476.292
849.868,218.733,601.253
850.829,215.762,726.214
849.803,346.666,479.256
850.764,343.695,604.217
851.725,340.723,729.178
601.536,99.2622,600.922
601.439,96.4638,725.89
601.342,93.6654,850.859
605.213,224.177,603.722
605.116,221.378,728.69
605.019,218.58,853.659
608.889,349.091,606.522
608.792,346.293,731.49
608.696,343.494,856.459
726.482,95.5842,600.936
726.385,92.7858,725.905
726.288,89.9874,850.873
730.158,220.499,603.736
730.062,217.7,728.705
729.965,214.902,853.673
733.835,345.413,606.536
733.738,342.615,731.505
733.641,339.816,856.473
851.428,91.9062,600.95
851.331,89.1078,725.919
851.234,86.3094,850.888
855.104,216.821,603.751
855.007,214.022,728.719
854.911,211.224,853.688
858.781,341.735,606.551
858.684,338.937,731.519
858.587,336.138,856.488
600.478,223.071,100.544
602.12,224.303,225.527
603.763,225.535,350.51
598.593,348.051,99.3363
600.235,349.283,224.319
601.878,350.515,349.303
596.708,473.031,98.129
598.35,474.263,223.112
599.993,475.495,348.095
725.453,224.94,98.8828
727.095,226.172,223.866
728.738,227.404,348.849
723.568,349.92,97.6755
725.21,351.152,222.659
726.853,352.384,347.642
721.683,474.9,96.4682
723.325,476.132,221.451
724.968,477.364,346.435
850.428,226.809,97.222
852.07,228.041,222.205
853.713,229.273,347.188
848.543,351.789,96.0147
850.185,353.021,220.998
851.828,354.253,345.981
846.658,476.768,94.8075
848.3,478.001,219.791
849.943,479.233,344.774
600.069,226.825,226.327
602.653,229.075,351.28
605.237,231.325,476.233
600.893,351.802,224.06
603.477,354.052,349.013
606.061,356.302,473.966
601.717,476.779,221.792
604.301,479.029,346.745
606.885,481.279,471.698
725.039,225.955,223.758
727.623,228.205,348.711
730.207,230.455,473.664
725.864,350.931,221.491
728.448,353.181,346.444
731.031,355.431,471.397
726.688,475.908,219.224
729.272,478.158,344.177
731.856,480.408,469.13
850.01,225.084,221.19
852.594,227.334,346.143
855.178,229.584,471.096
850.834,350.061,218.922
853.418,352.311,343.875
856.002,354.561,468.828
851.658,475.037,216.655
854.242,477.287,341.608
856.826,479.537,466.561
599.286,224.559,349.047
601.163,228.243,473.979
603.041,231.927,598.91
599.571,349.504,345.358
601.448,353.188,470.29
603.325,356.872,595.222
599.855,474.45,341.67
601.732,478.133,466.601
603.61,481.817,591.533
724.272,224.219,347.179
726.149,227.903,472.11
728.026,231.587,597.042
724.556,349.165,343.49
726.433,352.848,468.422
728.311,356.532,593.354
724.841,474.11,339.802
726.718,477.794,464.733
728.595,481.478,589.665
849.257,223.88,345.311
851.135,227.563,470.242
853.012,231.247,595.174
849.542,348.825,341.622
851.419,352.509,466.554
853.296,356.193,591.485
849.826,473.77,337.934
851.704,477.454,462.865
853.581,481.138,587.797
598.879,226.588,475.072
597.689,222.957,600.014
596.499,219.325,724.955
600.56,351.524,478.719
599.37,347.892,603.661
598.18,344.261,728.603
602.242,476.459,482.367
601.052,472.828,607.308
599.862,469.196,732.25
723.862,224.873,476.213
722.672,221.241,601.154
721.482,217.61,726.096
725.543,349.808,479.86
724.353,346.177,604.801
723.163,342.545,729.743
727.225,474.744,483.507
726.035,471.112,608.449
724.845,467.481,733.39
848.845,223.157,477.353
847.655,219.526,602.295
846.465,215.894,727.236
850.526,348.093,481
849.336,344.461,605.942
848.146,340.83,730.884
852.208,473.028,484.648
851.018,469.397,609.589
849.828,465.765,734.531
600.676,225.415,601.036
598.128,226.585,726.005
595.58,227.755,850.974
597.622,350.371,599.804
595.074,351.542,724.773
592.526,352.712,849.741
594.567,475.328,598.572
592.019,476.498,723.54
589.472,477.669,848.509
725.613,228.494,603.555
723.065,229.664,728.523
720.517,230.834,853.492
722.559,353.45,602.322
720.011,354.621,727.291
717.463,355.791,852.26
719.504,478.407,601.09
716.956,479.577,726.059
714.408,480.747,851.027
850.55,231.573,606.073
848.002,232.743,731.042
845.454,233.913,856.01
847.495,356.529,604.841
844.947,357.699,729.809
842.399,358.87,854.778
844.441,481.486,603.608
841.893,482.656,728.577
839.345,483.826,853.546
598.551,350.218,101.134
600.321,353.543,226.078
602.09,356.868,351.021
599.468,475.17,97.7959
601.237,478.495,222.739
603.007,481.82,347.682
600.385,600.122,94.4574
602.154,603.447,219.401
603.924,606.772,344.344
723.535,349.254,99.3896
725.305,352.579,224.333
727.074,355.905,349.276
724.452,474.206,96.0511
726.222,477.531,220.994
727.991,480.857,345.938
725.369,599.158,92.7127
727.138,602.483,217.656
728.908,605.809,342.599
848.519,348.29,97.6448
850.289,351.616,222.588
852.059,354.941,347.531
849.436,473.242,94.3064
851.206,476.568,219.25
852.975,479.893,344.193
850.353,598.195,90.968
852.123,601.52,215.911
853.892,604.845,340.854
601.814,349.884,224.896
600.697,346.153,349.836
599.579,342.423,474.775
600.357,474.82,228.613
599.239,471.089,353.553
598.122,467.359,478.492
598.9,599.756,232.331
597.782,596.026,357.27
596.665,592.295,482.209
726.801,351.307,226.057
725.683,347.577,350.996
724.566,343.846,475.935
725.344,476.243,229.774
724.226,472.513,354.713
723.108,468.782,479.653
723.886,601.179,233.491
722.769,597.449,358.43
721.651,593.719,483.37
851.787,352.73,227.217
850.67,349,352.157
849.552,345.27,477.096
850.33,477.666,230.934
849.212,473.936,355.874
848.095,470.206,480.813
848.873,602.603,234.652
847.755,598.872,359.591
846.638,595.142,484.53
599.397,349.229,348.194
599.851,345.722,473.144
600.306,342.214,598.094
600.923,474.171,351.696
601.377,470.664,476.646
601.832,467.156,601.596
602.448,599.113,355.197
602.903,595.605,480.147
603.357,592.098,605.097
724.387,347.717,347.697
724.841,344.209,472.647
725.296,340.702,597.597
725.912,472.659,351.199
726.367,469.151,476.149
726.821,465.643,601.098
727.438,597.6,354.7
727.893,594.093,479.65
728.347,590.585,604.6
849.376,346.205,347.2
849.831,342.697,472.15
850.285,339.189,597.1
850.902,471.146,350.701
851.357,467.639,475.651
851.811,464.131,600.601
852.428,596.088,354.203
852.883,592.58,479.153
853.337,589.073,604.103
601.389,350.762,476.202
599.221,352.106,601.175
597.053,353.45,726.149
601.915,475.754,474.866
599.747,477.098,599.84
597.579,478.442,724.814
602.44,600.745,473.531
600.272,602.09,598.505
598.104,603.434,723.479
726.369,350.26,478.375
724.201,351.604,603.349
722.034,352.948,728.323
726.895,475.252,477.04
724.727,476.596,602.014
722.559,477.94,726.988
727.42,600.243,475.705
725.252,601.587,600.679
723.084,602.931,725.653
851.349,349.758,480.548
849.182,351.102,605.522
847.014,352.446,730.496
851.875,474.749,479.213
849.707,476.093,604.187
847.539,477.438,729.161
852.4,599.741,477.878
850.232,601.085,602.852
848.064,602.429,727.826
599.094,350.49,601.71
600.566,352.167,726.69
602.038,353.845,851.67
596.834,475.458,600.059
598.306,477.136,725.039
599.778,478.814,850.019
594.575,600.427,598.407
596.046,602.105,723.388
597.518,603.783,848.368
724.065,352.729,600.208
725.537,354.407,725.188
727.009,356.085,850.168
721.805,477.698,598.557
723.277,479.376,723.537
724.749,481.054,848.517
719.545,602.667,596.906
721.017,604.345,721.886
722.489,606.023,846.866
849.036,354.969,598.706
850.508,356.647,723.686
851.979,358.325,848.666
846.776,479.938,597.055
848.248,481.616,722.035
849.72,483.294,847.015
844.516,604.907,595.404
845.988,606.585,720.384
847.46,608.263,845.364
598.364,475.69,99.7881
597.45,475.516,224.785
596.536,475.343,349.781
598.647,600.689,99.9637
597.733,600.516,224.96
596.82,600.342,349.957
598.93,725.689,100.139
598.017,725.515,225.136
597.103,725.342,350.132
723.361,475.405,100.702
722.447,475.232,225.698
721.533,475.058,350.695
723.644,600.405,100.877
722.73,600.231,225.874
721.816,600.058,350.87
723.927,725.405,101.053
723.013,725.231,226.049
722.099,725.057,351.046
848.357,475.121,101.615
847.443,474.947,226.612
846.529,474.774,351.608
848.64,600.121,101.791
847.726,599.947,226.787
846.812,599.774,351.784
848.923,725.12,101.966
848.009,724.947,226.963
847.095,724.773,351.959
601.069,476.854,226.2
602.306,474.973,351.179
603.543,473.093,476.159
597.944,601.8,228.111
599.18,599.919,353.09
600.417,598.039,478.07
594.818,726.746,230.021
596.055,724.866,355.001
597.292,722.985,479.981
726.024,479.998,225.01
727.261,478.117,349.99
728.498,476.237,474.97
722.898,604.944,226.921
724.135,603.063,351.901
725.372,601.183,476.881
719.773,729.89,228.832
721.01,728.01,353.812
722.246,726.129,478.792
850.979,483.142,223.821
852.216,481.261,348.801
853.452,479.38,473.781
847.853,608.088,225.732
849.09,606.207,350.712
850.327,604.327,475.692
844.728,733.034,227.643
845.964,731.154,352.623
847.201,729.273,477.602
599.75,476.236,349.591
598.73,477.93,474.575
597.711,479.624,599.559
598.032,601.213,347.883
597.012,602.907,472.867
595.993,604.601,597.851
596.314,726.189,346.175
595.295,727.883,471.159
594.275,729.577,596.143
724.734,477.967,350.587
723.714,479.662,475.571
722.695,481.356,600.555
723.016,602.944,348.879
721.997,604.638,473.863
720.977,606.332,598.847
721.298,727.921,347.171
720.279,729.615,472.155
719.259,731.309,597.139
849.718,479.699,351.583
848.698,481.393,476.567
847.679,483.087,601.552
848,604.675,349.875
846.981,606.369,474.859
845.961,608.064,599.843
846.282,729.652,348.167
845.263,731.346,473.151
844.243,733.04,598.135
601.762,475.556,473.56
598.191,476.317,598.506
594.62,477.079,723.453
600.083,600.542,472.75
596.512,601.304,597.697
592.941,602.065,722.643
598.404,725.528,471.94
594.833,726.29,596.887
591.262,727.051,721.833
726.7,477.257,477.12
723.129,478.019,602.067
719.558,478.781,727.014
725.021,602.243,476.31
721.45,603.005,601.257
717.879,603.767,726.204
723.342,727.229,475.5
719.771,727.991,600.447
716.2,728.753,725.394
851.637,478.959,480.681
848.066,479.72,605.627
844.495,480.482,730.574
849.959,603.945,479.871
846.387,604.706,604.818
842.816,605.468,729.764
848.28,728.931,479.061
844.708,729.692,604.008
841.137,730.454,728.954
600.686,475.559,598.888
603.044,474.756,723.864
605.402,473.953,848.839
598.644,600.54,599.73
601.002,599.737,724.705
603.36,598.934,849.68
596.603,725.52,600.571
598.961,724.717,725.547
601.318,723.914,850.522
725.647,477.616,596.544
728.005,476.813,721.519
730.363,476.011,846.494
723.605,602.597,597.385
725.963,601.794,722.361
728.321,600.991,847.336
721.564,727.577,598.227
723.922,726.774,723.202
726.28,725.972,848.177
850.608,479.673,594.199
852.966,478.871,719.175
855.324,478.068,844.15
848.566,604.654,595.041
850.924,603.851,720.016
853.282,603.048,844.991
846.525,729.634,595.882
848.883,728.832,720.858
851.241,728.029,845.833
601.825,599.731,99.2914
599.405,601.593,224.254
596.985,603.454,349.217
598.252,724.665,97.3608
595.832,726.527,222.323
593.412,728.388,347.286
594.679,849.599,95.4302
592.259,851.461,220.393
589.839,853.322,345.356
726.75,603.34,101.657
724.33,605.202,226.62
721.91,607.063,351.582
723.178,728.274,99.7263
720.758,730.136,224.689
718.338,731.998,349.652
719.605,853.208,97.7957
717.185,855.07,222.758
714.765,856.932,347.721
851.676,606.949,104.022
849.256,608.811,228.985
846.836,610.673,353.948
848.103,731.883,102.092
845.683,733.745,227.055
843.263,735.607,352.017
844.53,856.817,100.161
842.11,858.679,225.124
839.69,860.541,350.087
599.292,600.632,226.13
601.327,603.216,351.086
603.362,605.799,476.043
597.709,725.596,223.571
599.745,728.179,348.528
601.78,730.763,473.485
596.127,850.56,221.013
598.162,853.143,345.97
600.197,855.727,470.927
724.265,602.172,224.062
726.301,604.756,349.019
728.336,607.34,473.976
722.683,727.136,221.504
724.718,729.72,346.461
726.753,732.304,471.418
721.1,852.1,218.946
723.136,854.684,343.903
725.171,857.267,468.859
849.239,603.713,221.995
851.274,606.296,346.952
853.309,608.88,471.908
847.656,728.676,219.437
849.691,731.26,344.393
851.727,733.844,469.35
846.074,853.64,216.878
848.109,856.224,341.835
850.144,858.808,466.792
600.45,598.045,348.467
600.241,598.326,473.466
600.032,598.607,598.466
598.562,723.03,348.183
598.354,723.311,473.182
598.145,723.592,598.182
596.675,848.016,347.899
596.466,848.297,472.898
596.257,848.578,597.898
725.435,599.933,348.671
725.227,600.214,473.67
725.018,600.495,598.67
723.548,724.918,348.387
723.339,725.199,473.387
723.131,725.48,598.386
721.66,849.904,348.103
721.452,850.185,473.103
721.243,850.466,598.102
850.421,601.821,348.875
850.212,602.102,473.875
850.004,602.383,598.874
848.533,726.806,348.591
848.325,727.087,473.591
848.116,727.368,598.59
846.646,851.792,348.307
846.437,852.073,473.307
846.229,852.354,598.306
599.709,600.924,473.96
596.417,603.93,598.88
593.125,606.936,723.801
598.659,725.882,470.925
595.367,728.888,595.846
592.075,731.894,720.766
597.609,850.841,467.891
594.317,853.847,592.811
591.026,856.853,717.732
724.661,602.053,477.225
721.369,605.059,602.146
718.077,608.065,727.066
723.611,727.011,474.191
720.319,730.017,599.111
717.028,733.023,724.032
722.562,851.97,471.156
719.27,854.976,596.077
715.978,857.982,720.997
849.613,603.182,480.491
846.321,606.188,605.411
843.03,609.194,730.332
848.564,728.14,477.456
845.272,731.146,602.377
841.98,734.152,727.297
847.514,853.099,474.422
844.222,856.105,599.342
840.93,859.111,724.263
601.14,599.039,599.325
599.391,599.094,724.313
597.642,599.15,849.301
601.961,724.036,599.281
600.211,724.092,724.269
598.462,724.147,849.257
602.781,849.034,599.237
601.032,849.089,724.225
599.282,849.144,849.213
726.125,598.22,601.075
724.376,598.275,726.063
722.627,598.33,851.05
726.946,723.217,601.031
725.196,723.272,726.019
723.447,723.327,851.007
727.766,848.214,600.987
726.017,848.269,725.975
724.267,848.325,850.963
851.111,597.4,602.825
849.361,597.455,727.812
847.612,597.51,852.8
851.931,722.397,602.781
850.181,722.453,727.769
848.432,722.508,852.756
852.751,847.395,602.737
851.002,847.45,727.725
849.252,847.505,852.712
