27,125,OUTPUT/pa2-unknown-i-output1.txt
194.88,206.32,190.864
329.456,314.305,122.991
100.098,100.566,100.301
98.2168,98.4007,225.268
96.3353,96.2352,350.235
100.385,225.547,102.471
98.5034,223.382,227.438
96.6218,221.216,352.405
100.671,350.528,104.641
98.7899,348.362,229.608
96.9084,346.197,354.575
225.084,100.247,102.177
223.202,98.0816,227.144
221.321,95.9161,352.112
225.37,225.228,104.347
223.489,223.062,229.315
221.607,220.897,354.282
225.657,350.209,106.518
223.775,348.043,231.485
221.894,345.878,356.452
350.069,99.928,104.054
348.188,97.7625,229.021
346.306,95.597,353.988
350.356,224.909,106.224
348.474,222.743,231.191
346.593,220.578,356.158
350.642,349.89,108.394
348.761,347.724,233.361
346.879,345.559,358.328
101.118,98.6069,223.902
104.213,99.8322,348.858
107.308,101.058,473.814
97.9564,223.562,222.755
101.051,224.787,347.711
104.146,226.012,472.667
94.7945,348.516,221.608
97.8893,349.742,346.564
100.984,350.967,471.52
226.04,101.739,220.778
229.135,102.965,345.733
232.23,104.19,470.689
222.878,226.694,219.631
225.973,227.919,344.586
229.068,229.145,469.542
219.716,351.649,218.484
222.811,352.874,343.439
225.906,354.099,468.395
350.962,104.872,217.653
354.056,106.097,342.609
357.151,107.322,467.564
347.8,229.826,216.506
350.895,231.052,341.462
353.989,232.277,466.417
344.638,354.781,215.359
347.733,356.006,340.315
350.828,357.232,465.27
98.9916,101.609,351.559
98.2478,103.418,476.543
97.504,105.228,601.528
96.9993,226.58,349.737
96.2555,228.389,474.722
95.5117,230.199,599.707
95.007,351.551,347.916
94.2632,353.36,472.901
93.5194,355.17,597.886
223.974,103.612,352.273
223.23,105.421,477.258
222.486,107.231,602.243
221.981,228.583,350.452
221.237,230.392,475.437
220.494,232.202,600.422
219.989,353.553,348.631
219.245,355.363,473.616
218.501,357.173,598.6
348.955,105.615,352.988
348.212,107.424,477.973
347.468,109.234,602.958
346.963,230.585,351.167
346.219,232.395,476.152
345.475,234.205,601.136
344.971,355.556,349.346
344.227,357.366,474.33
343.483,359.176,599.315
98.9913,100.148,475.637
101.492,102.974,600.58
103.993,105.8,725.523
98.8549,225.116,472.813
101.356,227.942,597.756
103.856,230.768,722.699
98.7184,350.084,469.989
101.219,352.91,594.932
103.72,355.736,719.875
223.966,100.228,473.134
226.467,103.054,598.077
228.968,105.88,723.02
223.83,225.196,470.31
226.331,228.022,595.253
228.831,230.848,720.196
223.693,350.164,467.486
226.194,352.99,592.429
228.695,355.816,717.372
348.941,100.308,470.63
351.442,103.134,595.573
353.943,105.959,720.516
348.805,225.276,467.807
351.305,228.102,592.75
353.806,230.927,717.693
348.668,350.244,464.983
351.169,353.07,589.926
353.67,355.895,714.869
99.0599,101.28,600.622
97.9674,100.428,725.614
96.8749,99.5761,850.606
95.6463,226.231,601.444
94.5537,225.379,726.436
93.4612,224.527,851.428
92.2326,351.182,602.266
91.1401,350.33,727.258
90.0476,349.477,852.25
224.009,104.687,601.737
222.916,103.835,726.729
221.823,102.982,851.722
220.595,229.637,602.559
219.502,228.785,727.551
218.41,227.933,852.544
217.181,354.588,603.381
216.089,353.736,728.373
214.996,352.884,853.366
348.957,108.093,602.852
347.865,107.241,727.845
346.772,106.389,852.837
345.543,233.044,603.674
344.451,232.192,728.667
343.358,231.339,853.659
342.13,357.994,604.497
341.037,357.142,729.489
339.945,356.29,854.481
101.074,226.621,100.905
102.676,226.265,225.894
104.279,225.908,350.883
104.284,351.58,101.22
105.887,351.223,226.209
107.489,350.867,351.199
107.494,476.538,101.535
109.097,476.182,226.525
110.7,475.825,351.514
226.022,223.415,99.2934
227.625,223.059,224.283
229.228,222.702,349.272
229.232,348.374,99.6087
230.835,348.017,224.598
232.438,347.661,349.587
232.443,473.332,99.924
234.045,472.976,224.913
235.648,472.619,349.902
350.971,220.209,97.682
352.573,219.853,222.671
354.176,219.496,347.66
354.181,345.168,97.9973
355.784,344.811,222.986
357.386,344.455,347.976
357.391,470.126,98.3126
358.994,469.77,223.302
360.597,469.413,348.291
100.812,225.064,225.699
98.0488,227.495,350.645
95.2858,229.926,475.59
99.8935,350.036,223.247
97.1305,352.467,348.193
94.3676,354.899,473.138
98.9752,475.009,220.795
96.2123,477.44,345.741
93.4493,479.871,470.686
225.778,226.036,228.443
223.015,228.467,353.389
220.252,230.898,478.335
224.86,351.008,225.991
222.097,353.44,350.937
219.334,355.871,475.883
223.941,475.981,223.539
221.178,478.412,348.485
218.415,480.843,473.431
350.744,227.008,231.188
347.981,229.439,356.134
345.218,231.87,481.079
349.826,351.98,228.736
347.063,354.412,353.682
344.3,356.843,478.627
348.907,476.953,226.284
346.144,479.384,351.23
343.381,481.815,476.175
101.877,223.34,351.977
99.17,224.936,476.938
96.4628,226.532,601.898
100.337,348.32,350.348
97.6302,349.916,475.309
94.923,351.512,600.269
98.7976,473.3,348.719
96.0904,474.896,473.679
93.3832,476.492,598.64
226.838,224.915,354.665
224.131,226.511,479.625
221.424,228.107,604.586
225.299,349.895,353.035
222.591,351.491,477.996
219.884,353.086,602.956
223.759,474.875,351.406
221.052,476.471,476.366
218.344,478.066,601.327
351.8,226.49,357.352
349.092,228.085,482.312
346.385,229.681,607.273
350.26,351.47,355.722
347.553,353.065,480.683
344.845,354.661,605.643
348.72,476.449,354.093
346.013,478.045,479.053
343.306,479.641,604.014
100.078,224.422,474.683
99.1285,225.553,599.675
98.1791,226.685,724.666
100.541,349.416,473.555
99.5914,350.547,598.546
98.642,351.679,723.538
101.004,474.41,472.427
100.054,475.541,597.418
99.1049,476.673,722.41
225.073,223.967,475.637
224.124,225.099,600.628
223.175,226.231,725.619
225.536,348.962,474.509
224.587,350.093,599.5
223.638,351.225,724.491
225.999,473.956,473.381
225.05,475.087,598.372
224.1,476.219,723.363
350.069,223.513,476.59
349.12,224.645,601.582
348.17,225.776,726.573
350.532,348.507,475.462
349.582,349.639,600.453
348.633,350.77,725.445
350.995,473.501,474.334
350.045,474.633,599.325
349.096,475.764,724.317
101.14,224.192,600.297
99.3919,227.545,725.239
97.6432,230.899,850.182
102.303,349.142,596.959
100.554,352.495,721.902
98.8057,355.849,846.845
103.465,474.092,593.622
101.717,477.445,718.564
99.9682,480.799,843.507
226.123,223.076,602.076
224.374,226.43,727.018
222.626,229.784,851.961
227.285,348.026,598.738
225.537,351.38,723.681
223.788,354.734,848.624
228.448,472.977,595.401
226.699,476.33,720.343
224.951,479.684,845.286
351.105,221.961,603.855
349.357,225.315,728.798
347.608,228.668,853.74
352.268,346.911,600.517
350.519,350.265,725.46
348.77,353.618,850.403
353.43,471.861,597.18
351.682,475.215,722.123
349.933,478.568,847.065
101.07,349.033,98.5042
103.354,351.071,223.467
105.638,353.11,348.429
100.501,474.015,96.4757
102.785,476.053,221.438
105.069,478.092,346.401
99.9322,598.997,94.4472
102.216,601.036,219.41
104.5,603.074,344.372
226.048,349.564,96.2114
228.332,351.603,221.174
230.615,353.641,346.136
225.479,474.546,94.1829
227.763,476.585,219.145
230.047,478.624,344.108
224.91,599.529,92.1544
227.194,601.567,217.117
229.478,603.606,342.079
351.026,350.096,93.9186
353.309,352.134,218.881
355.593,354.173,343.844
350.457,475.078,91.8901
352.741,477.117,216.853
355.024,479.155,341.815
349.888,600.06,89.8616
352.172,602.099,214.824
354.456,604.137,339.787
98.7842,351.071,223.82
95.5507,353.24,348.759
92.3172,355.409,473.698
101.984,476.013,221.733
98.7504,478.182,346.673
95.5168,480.35,471.612
105.184,600.954,219.647
101.95,603.123,344.587
98.7165,605.292,469.526
223.701,347.927,227.107
220.468,350.096,352.047
217.234,352.265,476.986
226.901,472.869,225.021
223.668,475.037,349.96
220.434,477.206,474.9
230.101,597.81,222.935
226.867,599.979,347.874
223.634,602.148,472.814
348.619,344.783,230.395
345.385,346.952,355.334
342.152,349.121,480.273
351.818,469.724,228.309
348.585,471.893,353.248
345.351,474.062,478.187
355.018,594.666,226.222
351.784,596.835,351.162
348.551,599.004,476.101
100.865,348.848,349.321
104.181,351.151,474.256
107.496,353.454,599.191
101.776,473.823,346.993
105.091,476.126,471.928
108.407,478.429,596.863
102.687,598.798,344.665
106.002,601.101,469.6
109.318,603.404,594.535
225.818,347.875,346.023
229.133,350.179,470.958
232.448,352.482,595.893
226.729,472.85,343.695
230.044,475.154,468.63
233.359,477.457,593.565
227.64,597.825,341.367
230.955,600.129,466.302
234.27,602.432,591.237
350.771,346.903,342.726
354.086,349.206,467.66
357.401,351.509,592.595
351.682,471.878,340.398
354.997,474.181,465.332
358.312,476.484,590.267
352.593,596.853,338.07
355.908,599.156,463.004
359.223,601.459,587.939
98.2668,348.949,476.426
97.5995,352.276,601.38
96.9323,355.603,726.334
94.889,473.859,473.082
94.2218,477.186,598.036
93.5545,480.513,722.99
91.5112,598.769,469.739
90.844,602.096,594.693
90.1767,605.422,719.647
223.219,352.344,477.003
222.552,355.671,601.957
221.885,358.997,726.911
219.842,477.253,473.659
219.174,480.58,598.613
218.507,483.907,723.567
216.464,602.163,470.316
215.797,605.49,595.269
215.129,608.817,720.223
348.172,355.738,477.58
347.505,359.065,602.534
346.837,362.392,727.488
344.794,480.648,474.236
344.127,483.975,599.19
343.46,487.301,724.144
341.416,605.557,470.892
340.749,608.884,595.846
340.082,612.211,720.8
101.162,351.598,599.554
100.93,349.531,724.537
100.697,347.465,849.52
98.3283,476.549,601.615
98.096,474.482,726.598
97.8637,472.416,851.581
95.4946,601.5,603.676
95.2623,599.433,728.659
95.03,597.367,853.641
226.13,354.427,599.834
225.897,352.361,724.816
225.665,350.294,849.799
223.296,479.378,601.894
223.064,477.312,726.877
222.831,475.245,851.86
220.462,604.329,603.955
220.23,602.263,728.938
219.998,600.196,853.92
351.097,357.257,600.113
350.865,355.19,725.095
350.633,353.124,850.078
348.264,482.208,602.173
348.031,480.141,727.156
347.799,478.075,852.139
345.43,607.158,604.234
345.198,605.092,729.217
344.965,603.026,854.199
99.5048,473.729,98.8629
98.7938,473.585,223.861
98.0828,473.441,348.859
100.114,598.728,99.0102
99.4034,598.584,224.008
98.6924,598.44,349.006
100.724,723.726,99.1576
100.013,723.582,224.156
99.302,723.438,349.153
224.501,473.119,99.5731
223.79,472.975,224.571
223.079,472.831,349.569
225.111,598.117,99.7205
224.4,597.973,224.718
223.689,597.829,349.716
225.72,723.116,99.8679
225.009,722.972,224.866
224.298,722.828,349.864
349.498,472.508,100.283
348.787,472.364,225.281
348.076,472.22,350.279
350.107,597.507,100.431
349.396,597.363,225.429
348.685,597.219,350.427
350.717,722.505,100.578
350.006,722.361,225.576
349.295,722.217,350.574
98.0626,476.012,224.143
97.1837,478.237,349.12
96.3047,480.462,474.097
98,600.992,221.918
97.1211,603.217,346.895
96.2421,605.442,471.872
97.9374,725.972,219.692
97.0584,728.197,344.669
96.1795,730.422,469.646
223.06,476.09,225.021
222.181,478.315,349.998
221.302,480.54,474.975
222.997,601.07,222.795
222.118,603.295,347.772
221.239,605.521,472.749
222.934,726.05,220.57
222.055,728.276,345.547
221.176,730.501,470.524
348.056,476.168,225.899
347.177,478.394,350.876
346.298,480.619,475.853
347.994,601.149,223.673
347.115,603.374,348.65
346.236,605.599,473.627
347.931,726.129,221.447
347.052,728.354,346.424
346.173,730.579,471.402
98.8102,474.504,349.545
95.4058,472.909,474.489
92.0014,471.314,599.432
95.1433,599.441,351.04
91.739,597.846,475.983
88.3346,596.251,600.927
91.4765,724.378,352.535
88.0721,722.783,477.478
84.6677,721.189,602.422
223.71,478.128,352.995
220.306,476.533,477.938
216.901,474.939,602.882
220.043,603.065,354.489
216.639,601.471,479.433
213.234,599.876,604.376
216.376,728.003,355.984
212.972,726.408,480.928
209.568,724.813,605.871
348.61,481.753,356.444
345.205,480.158,481.388
341.801,478.563,606.331
344.943,606.69,357.939
341.539,605.095,482.882
338.134,603.5,607.826
341.276,731.627,359.434
337.872,730.032,484.377
334.467,728.438,609.321
101.673,475.965,474.748
102.817,473.665,599.722
103.96,471.365,724.696
100.098,600.933,477.063
101.241,598.634,602.036
102.385,596.334,727.01
98.5228,725.902,479.377
99.6662,723.602,604.35
100.81,721.302,729.324
226.658,477.561,473.634
227.801,475.261,598.608
228.945,472.961,723.582
225.083,602.529,475.948
226.226,600.23,600.922
227.37,597.93,725.896
223.508,727.498,478.263
224.651,725.198,603.236
225.794,722.898,728.21
351.643,479.157,472.52
352.786,476.857,597.494
353.93,474.557,722.467
350.068,604.125,474.834
351.211,601.826,599.808
352.354,599.526,724.782
348.492,729.094,477.148
349.636,726.794,602.122
350.779,724.494,727.096
101.673,475.129,599.594
104.982,476.269,724.545
108.291,477.408,849.496
103.764,600.106,598.399
107.073,601.246,723.35
110.382,602.385,848.301
105.854,725.083,597.204
109.163,726.222,722.155
112.472,727.362,847.106
226.612,473.008,596.305
229.921,474.148,721.256
233.23,475.287,846.207
228.702,597.985,595.11
232.011,599.124,720.061
235.32,600.264,845.012
230.793,722.962,593.915
234.102,724.101,718.866
237.411,725.241,843.817
351.551,470.887,593.016
354.86,472.027,717.967
358.169,473.166,842.918
353.641,595.864,591.821
356.95,597.003,716.772
360.259,598.143,841.723
355.731,720.841,590.626
359.04,721.98,715.577
362.349,723.119,840.528
99.5854,600.249,101.271
102.105,596.971,226.203
104.625,593.693,351.134
98.2236,725.198,104.577
100.744,721.92,229.509
103.263,718.642,354.44
96.8617,850.147,107.884
99.3817,846.869,232.815
101.902,843.591,357.747
224.553,601.677,98.7878
227.073,598.399,223.719
229.592,595.121,348.651
223.191,726.626,102.094
225.711,723.348,227.026
228.231,720.069,351.957
221.829,851.575,105.4
224.349,848.297,230.332
226.869,845.018,355.264
349.52,603.105,96.3046
352.04,599.827,221.236
354.56,596.548,346.168
348.158,728.054,99.6109
350.678,724.775,224.542
353.198,721.497,349.474
346.796,853.003,102.917
349.316,849.724,227.849
351.836,846.446,352.78
99.7654,599.375,226.384
101.566,598.859,351.37
103.367,598.343,476.355
96.6737,724.335,226.944
98.4743,723.82,351.93
100.275,723.304,476.916
93.582,849.296,227.504
95.3826,848.78,352.49
97.1832,848.264,477.476
224.714,602.474,224.596
226.515,601.958,349.582
228.315,601.443,474.568
221.623,727.435,225.157
223.423,726.919,350.143
225.224,726.403,475.128
218.531,852.395,225.717
220.331,851.88,350.703
222.132,851.364,475.689
349.663,605.574,222.809
351.464,605.058,347.795
353.264,604.542,472.781
346.571,730.534,223.369
348.372,730.018,348.355
350.173,729.503,473.341
343.48,855.495,223.93
345.28,854.979,348.916
347.081,854.463,473.901
101.177,599.698,350.745
99.3556,602.39,475.702
97.5345,605.083,600.66
101.422,724.668,348.055
99.6008,727.361,473.013
97.7797,730.054,597.971
101.667,849.639,345.366
99.846,852.332,470.323
98.0249,855.025,595.281
226.163,599.492,352.571
224.342,602.184,477.528
222.521,604.877,602.486
226.408,724.462,349.881
224.587,727.155,474.839
222.766,729.848,599.797
226.654,849.433,347.192
224.832,852.126,472.149
223.011,854.819,597.107
351.15,599.286,354.397
349.329,601.979,479.354
347.507,604.671,604.312
351.395,724.257,351.707
349.574,726.949,476.665
347.753,729.642,601.622
351.64,849.227,349.018
349.819,851.92,473.975
347.998,854.613,598.933
100.809,600.008,473.007
97.2166,598.425,597.946
93.6244,596.841,722.884
99.0786,724.987,474.542
95.4864,723.403,599.48
91.8942,721.82,724.418
97.3484,849.966,476.076
93.7562,848.382,601.015
90.164,846.798,725.953
225.745,601.694,476.621
222.153,600.11,601.559
218.561,598.526,726.498
224.015,726.672,478.155
220.423,725.089,603.094
216.831,723.505,728.032
222.285,851.651,479.69
218.693,850.067,604.628
215.1,848.484,729.566
350.682,603.379,480.234
347.089,601.795,605.173
343.497,600.212,730.111
348.951,728.357,481.769
345.359,726.774,606.707
341.767,725.19,731.645
347.221,853.336,483.303
343.629,851.752,608.241
340.037,850.169,733.18
100.868,600.631,598.568
101.747,598.439,723.545
102.627,596.246,848.523
103.661,725.581,600.74
104.541,723.388,725.717
105.42,721.196,850.695
106.455,850.53,602.911
107.334,848.338,727.889
108.214,846.146,852.867
225.833,597.853,597.639
226.713,595.661,722.617
227.593,593.469,847.595
228.627,722.803,599.811
229.507,720.611,724.789
230.386,718.419,849.767
231.421,847.753,601.983
232.3,845.561,726.961
233.18,843.369,851.939
350.799,595.075,596.711
351.679,592.883,721.689
352.558,590.691,846.667
353.593,720.025,598.883
354.472,717.833,723.861
355.352,715.641,848.839
356.386,844.975,601.055
357.266,842.783,726.033
358.145,840.591,851.011
225.319,100.411,98.4407
228.483,103.407,223.365
231.647,106.403,348.289
228.996,225.318,95.3515
232.161,228.315,220.276
235.325,231.311,345.2
232.674,350.226,92.2624
235.838,353.222,217.186
239.003,356.219,342.11
350.224,96.6567,95.367
353.389,99.6531,220.291
356.553,102.649,345.215
353.902,221.564,92.2778
357.066,224.561,217.202
360.231,227.557,342.126
357.58,346.472,89.1887
360.744,349.468,214.113
363.908,352.465,339.037
475.13,92.9029,92.2932
478.294,95.8993,217.217
481.459,98.8957,342.141
478.808,217.811,89.2041
481.972,220.807,214.128
485.136,223.803,339.052
482.486,342.718,86.115
485.65,345.715,211.039
488.814,348.711,335.963
226.608,99.278,225.988
228.207,97.309,350.962
229.807,95.34,475.936
225.643,224.259,227.969
227.242,222.29,352.944
228.842,220.321,477.918
224.678,349.239,229.951
226.277,347.27,354.925
227.877,345.301,479.899
351.594,100.268,224.404
353.194,98.2993,349.378
354.793,96.3302,474.352
350.629,225.249,226.385
352.228,223.28,351.36
353.828,221.311,476.334
349.664,350.229,228.367
351.263,348.26,353.341
352.863,346.291,478.315
476.58,101.259,222.82
478.18,99.2895,347.794
479.779,97.3205,472.769
475.615,226.239,224.802
477.214,224.27,349.776
478.814,222.301,474.75
474.65,351.22,226.783
476.249,349.251,351.757
477.849,347.282,476.732
223.375,101.969,351.587
226.819,101.856,476.539
230.264,101.743,601.492
220.81,226.943,351.771
224.254,226.83,476.723
227.699,226.717,601.675
218.245,351.916,351.954
221.69,351.803,476.907
225.134,351.69,601.859
348.301,104.538,348.145
351.745,104.425,473.098
355.19,104.312,598.05
345.736,229.512,348.329
349.181,229.399,473.282
352.625,229.286,598.234
343.171,354.485,348.513
346.616,354.372,473.465
350.06,354.259,598.418
473.227,107.107,344.704
476.672,106.994,469.656
480.116,106.881,594.609
470.662,232.08,344.888
474.107,231.967,469.84
477.551,231.855,594.793
468.097,357.054,345.071
471.542,356.941,470.024
474.987,356.828,594.976
225.67,98.7858,474.601
228.904,98.9118,599.559
232.137,99.0378,724.517
227.292,223.775,474.433
230.525,223.901,599.391
233.759,224.027,724.349
228.914,348.765,474.265
232.147,348.891,599.223
235.38,349.017,724.181
350.618,97.1604,471.37
353.851,97.2864,596.328
357.085,97.4124,721.286
352.24,222.15,471.202
355.473,222.276,596.16
358.707,222.402,721.118
353.861,347.139,471.034
357.095,347.265,595.992
360.328,347.391,720.95
475.566,95.535,468.138
478.799,95.661,593.096
482.033,95.787,718.054
477.187,220.524,467.97
480.421,220.65,592.928
483.654,220.776,717.886
478.809,345.514,467.802
482.042,345.64,592.76
485.276,345.766,717.718
223.667,99.3852,599.11
224.114,100.705,724.102
224.561,102.024,849.094
222.464,224.372,597.794
222.912,225.692,722.787
223.359,227.011,847.779
221.262,349.36,596.479
221.709,350.679,721.472
222.156,351.999,846.464
348.66,100.583,598.65
349.108,101.902,723.642
349.555,103.222,848.634
347.458,225.57,597.335
347.905,226.89,722.327
348.352,228.209,847.319
346.255,350.558,596.02
346.702,351.877,721.012
347.15,353.196,846.004
473.654,101.781,598.19
474.101,103.1,723.182
474.548,104.42,848.174
472.451,226.768,596.875
472.898,228.088,721.867
473.346,229.407,846.859
471.248,351.756,595.56
471.696,353.075,720.552
472.143,354.394,845.544
224.994,223.547,100.778
225.925,225.638,225.757
226.855,227.728,350.736
228.669,348.475,98.661
229.6,350.566,223.64
230.53,352.656,348.619
232.345,473.404,96.5444
233.275,475.494,221.523
234.206,477.584,346.502
349.936,219.857,99.9091
350.867,221.947,224.888
351.798,224.037,349.867
353.612,344.785,97.7924
354.542,346.875,222.771
355.473,348.965,347.751
357.287,469.713,95.6758
358.218,471.803,220.655
359.148,473.893,345.634
474.879,216.166,99.0405
475.809,218.257,224.02
476.74,220.347,348.999
478.554,341.094,96.9239
479.485,343.185,221.903
480.415,345.275,346.882
482.23,466.022,94.8073
483.16,468.113,219.786
484.091,470.203,344.765
226.681,226.704,224.623
224.893,227.241,349.609
223.105,227.779,474.595
225.774,351.699,224.072
223.986,352.237,349.059
222.198,352.774,474.045
224.867,476.694,223.522
223.079,477.232,348.508
221.291,477.77,473.494
351.665,227.618,226.407
349.877,228.156,351.393
348.089,228.694,476.379
350.758,352.614,225.856
348.97,353.152,350.842
347.182,353.689,475.828
349.851,477.609,225.306
348.063,478.147,350.292
346.275,478.685,475.278
476.649,228.533,228.191
474.861,229.071,353.177
473.073,229.609,478.163
475.742,353.529,227.64
473.954,354.067,352.626
472.166,354.604,477.612
474.835,478.524,227.09
473.047,479.062,352.076
471.259,479.6,477.062
223.26,225.843,348.812
222.306,229.14,473.765
221.353,232.437,598.718
222.194,350.795,345.507
221.241,354.092,470.46
220.287,357.389,595.412
221.129,475.747,342.202
220.175,479.044,467.154
219.222,482.341,592.107
348.251,226.934,349.737
347.298,230.231,474.69
346.345,233.528,599.643
347.186,351.885,346.432
346.233,355.182,471.385
345.279,358.479,596.337
346.121,476.837,343.127
345.167,480.134,468.079
344.214,483.431,593.032
473.243,228.024,350.662
472.29,231.321,475.615
471.336,234.618,600.567
472.178,352.976,347.357
471.224,356.273,472.309
470.271,359.57,597.262
471.112,477.927,344.051
470.159,481.224,469.004
469.206,484.521,593.957
225.936,226.332,473.362
224.785,224.786,598.347
223.634,223.241,723.332
226.379,351.321,474.911
225.228,349.776,599.897
224.077,348.231,724.882
226.822,476.311,476.461
225.671,474.765,601.446
224.519,473.22,726.431
350.93,225.875,474.508
349.779,224.329,599.493
348.628,222.784,724.478
351.373,350.864,476.057
350.222,349.319,601.042
349.07,347.773,726.027
351.816,475.854,477.607
350.665,474.308,602.592
349.513,472.763,727.577
475.924,225.417,475.653
474.773,223.872,600.638
473.621,222.327,725.623
476.367,350.407,477.203
475.216,348.862,602.188
474.064,347.316,727.173
476.81,475.397,478.752
475.658,473.851,603.737
474.507,472.306,728.722
224.586,224.911,601.665
223.049,222.27,726.628
221.511,219.629,851.591
227.579,349.846,604.343
226.042,347.205,729.305
224.505,344.564,854.268
230.572,474.782,607.02
229.035,472.141,731.982
227.498,469.5,856.945
349.54,221.886,603.139
348.003,219.245,728.101
346.466,216.604,853.064
352.534,346.821,605.816
350.996,344.18,730.778
349.459,341.539,855.741
355.527,471.756,608.493
353.99,469.116,733.456
352.453,466.475,858.418
474.495,218.86,604.612
472.958,216.219,729.574
471.421,213.578,854.537
477.488,343.796,607.289
475.951,341.155,732.251
474.414,338.514,857.214
480.481,468.731,609.966
478.944,466.09,734.929
477.407,463.449,859.891
224.168,348.085,99.8171
223.546,349.443,224.808
222.923,350.8,349.799
226.952,473.047,98.4737
226.33,474.405,223.465
225.707,475.762,348.456
229.736,598.009,97.1303
229.114,599.366,222.121
228.492,600.724,347.112
349.135,345.308,100.47
348.513,346.666,225.461
347.891,348.023,350.452
351.92,470.27,99.1261
351.297,471.627,224.117
350.675,472.985,349.108
354.704,595.232,97.7827
354.081,596.589,222.774
353.459,597.947,347.765
474.103,342.531,101.122
473.48,343.888,226.113
472.858,345.246,351.104
476.887,467.492,99.7785
476.265,468.85,224.77
475.642,470.208,349.761
479.671,592.454,98.4351
479.049,593.812,223.426
478.427,595.169,348.417
223.068,348.917,226.447
219.884,347.665,351.401
216.701,346.413,476.354
225.909,473.877,227.772
222.726,472.625,352.725
219.543,471.374,477.678
228.751,598.838,229.096
225.568,597.586,354.049
222.385,596.334,479.002
347.995,346.042,229.601
344.811,344.79,354.554
341.628,343.538,479.508
350.837,471.003,230.925
347.653,469.751,355.879
344.47,468.499,480.832
353.679,595.963,232.25
350.495,594.712,357.203
347.312,593.46,482.156
472.922,343.167,232.755
469.739,341.916,357.708
466.555,340.664,482.661
475.764,468.128,234.079
472.58,466.876,359.032
469.397,465.624,483.986
478.606,593.089,235.404
475.422,591.837,360.357
472.239,590.585,485.31
224.198,349.898,351.354
227.265,350.447,476.315
230.332,350.995,601.276
222.139,474.88,350.855
225.206,475.429,475.816
228.273,475.977,600.778
220.079,599.862,350.357
223.146,600.411,475.318
226.213,600.959,600.279
349.144,351.944,348.278
352.211,352.493,473.239
355.278,353.042,598.201
347.084,476.926,347.78
350.151,477.475,472.741
353.218,478.024,597.702
345.025,601.908,347.281
348.092,602.457,472.243
351.159,603.006,597.204
474.089,353.991,345.203
477.156,354.54,470.164
480.223,355.089,595.125
472.03,478.973,344.704
475.097,479.522,469.666
478.164,480.071,594.627
469.97,603.955,344.206
473.037,604.504,469.167
476.104,605.053,594.128
226.355,351.628,473.501
229.17,351.843,598.469
231.984,352.059,723.437
226.891,476.626,473.273
229.705,476.842,598.241
232.519,477.057,723.209
227.426,601.625,473.045
230.241,601.84,598.014
233.055,602.056,722.982
351.323,351.087,470.687
354.137,351.303,595.655
356.951,351.518,720.624
351.858,476.086,470.46
354.672,476.301,595.428
357.486,476.517,720.396
352.393,601.084,470.232
355.208,601.3,595.2
358.022,601.515,720.168
476.29,350.547,467.874
479.104,350.762,592.842
481.918,350.978,717.81
476.825,475.545,467.646
479.639,475.761,592.615
482.454,475.976,717.583
477.361,600.544,467.419
480.175,600.759,592.387
482.989,600.975,717.355
226.669,348.14,599.87
228.216,345.204,724.826
229.763,342.267,849.782
227.963,473.099,602.79
229.51,470.163,727.746
231.057,467.227,852.702
229.257,598.058,605.71
230.804,595.122,730.666
232.351,592.186,855.622
351.653,346.883,598.293
353.2,343.946,723.249
354.747,341.01,848.205
352.947,471.842,601.213
354.494,468.906,726.169
356.041,465.969,851.125
354.241,596.801,604.134
355.788,593.865,729.09
357.334,590.929,854.046
476.637,345.625,596.716
478.184,342.689,721.672
479.731,339.753,846.628
477.931,470.585,599.637
479.478,467.648,724.593
481.024,464.712,849.549
479.224,595.544,602.557
480.771,592.608,727.513
482.318,589.671,852.469
223.653,473.11,101.651
225.619,473.51,226.635
227.586,473.91,351.619
226.348,598.08,101.209
228.314,598.48,226.193
230.28,598.88,351.177
229.043,723.051,100.767
231.009,723.45,225.751
232.975,723.85,350.735
348.609,470.409,99.6941
350.575,470.809,224.678
352.541,471.208,349.662
351.303,595.379,99.2521
353.27,595.779,224.236
355.236,596.178,349.22
353.998,720.349,98.8101
355.964,720.749,223.794
357.93,721.149,348.778
473.564,467.708,97.737
475.53,468.107,222.721
477.497,468.507,347.705
476.259,592.678,97.295
478.225,593.078,222.279
480.191,593.477,347.263
478.954,717.648,96.853
480.92,718.048,221.837
482.886,718.447,346.821
224.862,475.008,224.012
225.292,478.445,348.964
225.723,481.882,473.916
221.522,599.917,220.588
221.952,603.354,345.54
222.383,606.791,470.492
218.181,724.825,217.164
218.612,728.262,342.116
219.042,731.699,467.068
349.816,478.335,223.49
350.247,481.772,348.442
350.677,485.209,473.394
346.476,603.244,220.066
346.907,606.681,345.018
347.337,610.118,469.97
343.136,728.152,216.641
343.567,731.589,341.593
343.997,735.026,466.545
474.771,481.662,222.968
475.201,485.099,347.92
475.632,488.536,472.872
471.431,606.571,219.544
471.861,610.008,344.496
472.292,613.445,469.448
468.091,731.479,216.119
468.521,734.916,341.071
468.952,738.353,466.023
223.122,474.823,349.516
221.447,474.416,474.504
219.773,474.01,599.492
219.469,599.769,349.874
217.795,599.362,474.862
216.12,598.956,599.85
215.816,724.715,350.231
214.142,724.308,475.219
212.468,723.902,600.207
348.057,478.471,351.201
346.383,478.064,476.189
344.709,477.657,601.178
344.404,603.417,351.559
342.73,603.01,476.547
341.056,602.603,601.535
340.751,728.363,351.916
339.077,727.956,476.905
337.403,727.549,601.893
472.992,482.118,352.887
471.318,481.712,477.875
469.644,481.305,602.863
469.34,607.064,353.244
467.665,606.658,478.232
465.991,606.251,603.22
465.687,732.01,353.602
464.013,731.604,478.59
462.338,731.197,603.578
225.512,476.692,475.183
222.968,476.977,600.157
220.423,477.261,725.131
225.184,601.691,474.892
222.64,601.976,599.865
220.096,602.261,724.839
224.857,726.69,474.6
222.312,726.975,599.574
219.768,727.26,724.548
350.485,477.025,477.727
347.941,477.31,602.7
345.397,477.595,727.674
350.158,602.025,477.435
347.614,602.309,602.409
345.069,602.594,727.383
349.83,727.024,477.144
347.286,727.309,602.117
344.742,727.593,727.091
475.459,477.359,480.27
472.915,477.644,605.244
470.371,477.928,730.218
475.132,602.358,479.979
472.587,602.643,604.952
470.043,602.928,729.926
474.804,727.357,479.687
472.26,727.642,604.661
469.716,727.927,729.635
223.064,475.577,601.296
219.38,478.594,726.205
215.696,481.61,851.115
221.428,600.529,598.231
217.745,603.545,723.14
214.061,606.561,848.049
219.793,725.481,595.165
216.109,728.497,720.074
212.425,731.513,844.984
347.999,477.302,604.939
344.315,480.318,729.848
340.631,483.334,854.758
346.363,602.254,601.873
342.68,605.27,726.783
338.996,608.286,851.692
344.728,727.205,598.808
341.044,730.222,723.717
337.36,733.238,848.627
472.934,479.027,608.582
469.25,482.043,733.491
465.566,485.059,858.4
471.298,603.978,605.516
467.615,606.995,730.426
463.931,610.011,855.335
469.663,728.93,602.451
465.979,731.946,727.36
462.295,734.963,852.269
226.26,601.04,99.0369
226.311,599.231,224.024
226.362,597.421,349.011
226.998,726.025,100.846
227.049,724.215,225.833
227.1,722.406,350.82
227.736,851.009,102.655
227.787,849.2,227.642
227.838,847.391,352.628
351.258,600.303,98.9753
351.309,598.493,223.962
351.36,596.684,348.949
351.996,725.287,100.784
352.047,723.478,225.771
352.098,721.669,350.758
352.734,850.272,102.593
352.785,848.463,227.58
352.836,846.654,352.567
476.256,599.565,98.9137
476.307,597.756,223.901
476.358,595.947,348.887
476.994,724.55,100.723
477.045,722.741,225.709
477.096,720.932,350.696
477.732,849.535,102.531
477.783,847.725,227.518
477.834,845.916,352.505
224.527,601.506,226.195
228.246,600.038,351.131
231.965,598.57,476.067
225.915,726.49,227.623
229.634,725.022,352.559
233.353,723.554,477.495
227.303,851.474,229.05
231.022,850.006,353.986
234.741,848.538,478.922
349.464,600.161,222.461
353.183,598.693,347.397
356.901,597.225,472.333
350.852,725.145,223.888
354.571,723.677,348.824
358.29,722.209,473.76
352.24,850.129,225.315
355.959,848.661,350.251
359.678,847.193,475.187
474.401,598.816,218.726
478.12,597.348,343.662
481.838,595.88,468.598
475.789,723.8,220.153
479.508,722.332,345.089
483.227,720.864,470.025
477.177,848.784,221.581
480.896,847.316,346.517
484.615,845.848,471.453
224.125,598.898,350.94
225.043,597.503,475.929
225.96,596.109,600.918
226.799,723.862,352.314
227.716,722.467,477.303
228.634,721.073,602.292
229.472,848.825,353.689
230.39,847.431,478.678
231.308,846.037,603.666
349.093,596.234,349.993
350.011,594.84,474.981
350.928,593.446,599.97
351.767,721.198,351.367
352.684,719.804,476.356
353.602,718.409,601.345
354.44,846.162,352.741
355.358,844.768,477.73
356.276,843.373,602.719
474.061,593.571,349.045
474.979,592.176,474.034
475.896,590.782,599.023
476.735,718.534,350.419
477.652,717.14,475.408
478.57,715.746,600.397
479.409,843.498,351.794
480.326,842.104,476.783
481.244,840.71,601.771
223.362,601.027,473.42
223.507,599.909,598.415
223.651,598.79,723.41
224.421,726.018,474.537
224.566,724.899,599.532
224.71,723.78,724.527
225.48,851.008,475.655
225.625,849.89,600.649
225.77,848.771,725.644
348.358,599.969,473.266
348.502,598.851,598.261
348.647,597.732,723.256
349.417,724.96,474.383
349.561,723.841,599.378
349.706,722.723,724.373
350.476,849.95,475.5
350.62,848.832,600.495
350.765,847.713,725.49
473.353,598.912,473.112
473.498,597.793,598.107
473.642,596.674,723.102
474.412,723.902,474.229
474.557,722.784,599.224
474.701,721.665,724.219
475.471,848.893,475.346
475.616,847.774,600.341
475.76,846.656,725.336
224.471,600.692,600.242
221.012,597.69,725.158
217.554,594.689,850.074
221.05,725.611,603.149
217.592,722.61,728.065
214.134,719.608,852.981
217.63,850.531,606.056
214.172,847.529,730.972
210.713,844.528,855.888
349.376,604.029,603.78
345.918,601.028,728.696
342.459,598.026,853.613
345.956,728.949,606.687
342.497,725.947,731.603
339.039,722.946,856.519
342.535,853.868,609.594
339.077,850.867,734.51
335.619,847.865,859.426
474.281,607.367,607.319
470.823,604.365,732.235
467.364,601.364,857.151
470.861,732.286,610.226
467.403,729.285,735.142
463.944,726.283,860.058
467.441,857.206,613.132
463.982,854.204,738.048
460.524,851.203,862.965
350.512,101.352,101.017
347.356,97.9562,225.931
344.2,94.5602,350.845
350.884,226.305,104.423
347.728,222.909,229.337
344.572,219.513,354.251
351.256,351.258,107.83
348.1,347.862,232.744
344.944,344.466,357.658
475.471,100.894,104.161
472.316,97.4985,229.075
469.16,94.1025,353.989
475.843,225.847,107.568
472.688,222.452,232.482
469.532,219.056,357.396
476.215,350.801,110.974
473.06,347.405,235.888
469.904,344.009,360.802
600.431,100.437,107.305
597.275,97.0408,232.219
594.12,93.6448,357.134
600.803,225.39,110.712
597.647,221.994,235.626
594.492,218.598,360.54
601.175,350.343,114.118
598.019,346.947,239.032
594.864,343.551,363.946
348.925,100.578,225.959
347.454,98.0609,350.925
345.984,95.5434,475.891
351.044,225.535,228.501
349.573,223.017,353.467
348.102,220.5,478.433
353.162,350.491,231.043
351.692,347.973,356.009
350.221,345.456,480.975
473.898,98.4305,227.386
472.428,95.913,352.352
470.957,93.3955,477.318
476.017,223.387,229.928
474.546,220.869,354.894
473.076,218.352,479.86
478.136,348.343,232.471
476.665,345.825,357.437
475.194,343.308,482.403
598.872,96.2826,228.814
597.401,93.7651,353.78
595.931,91.2475,478.746
600.99,221.239,231.356
599.52,218.721,356.322
598.049,216.204,481.288
603.109,346.195,233.898
601.638,343.677,358.864
600.168,341.16,483.83
350.634,101.704,349.995
349.392,101.192,474.988
348.15,100.68,599.981
354.068,226.655,350.541
352.826,226.143,475.534
351.584,225.632,600.527
357.501,351.607,351.087
356.26,351.095,476.08
355.018,350.583,601.072
475.58,98.2646,351.222
474.339,97.7528,476.215
473.097,97.2409,601.208
479.014,223.216,351.768
477.773,222.704,476.761
476.531,222.193,601.754
482.448,348.168,352.314
481.206,347.656,477.307
479.965,347.144,602.299
600.527,94.8257,352.449
599.285,94.3138,477.442
598.044,93.802,602.435
603.961,219.777,352.995
602.719,219.265,477.988
601.478,218.754,602.981
607.395,344.729,353.541
606.153,344.217,478.534
604.911,343.705,603.527
348.264,100.139,475.735
349.013,96.9768,600.693
349.762,93.8147,725.651
350.139,225.085,478.886
350.888,221.923,603.843
351.637,218.761,728.801
352.014,350.031,482.036
352.762,346.869,606.994
353.511,343.707,731.952
473.248,98.2835,474.939
473.997,95.1215,599.897
474.745,91.9594,724.855
475.122,223.23,478.09
475.871,220.068,603.047
476.62,216.906,728.005
476.997,348.176,481.24
477.746,345.014,606.198
478.495,341.852,731.156
598.231,96.4282,474.143
598.98,93.2661,599.101
599.729,90.1041,724.059
600.106,221.374,477.294
600.855,218.212,602.251
601.604,215.05,727.209
601.981,346.321,480.444
602.73,343.159,605.402
603.479,339.997,730.36
350.071,100.333,600.479
351.232,103.568,725.431
352.394,106.803,850.384
350.946,225.288,597.235
352.107,228.523,722.188
353.269,231.758,847.141
351.821,350.243,593.992
352.982,353.478,718.944
354.144,356.713,843.897
475.063,99.4281,599.34
476.224,102.663,724.293
477.385,105.899,849.246
475.938,224.383,596.097
477.099,227.618,721.05
478.26,230.853,846.002
476.813,349.338,592.854
477.974,352.573,717.806
479.135,355.808,842.759
600.054,98.5233,598.202
601.215,101.758,723.155
602.377,104.994,848.108
600.929,223.478,594.959
602.09,226.713,719.911
603.252,229.949,844.864
601.804,348.433,591.715
602.965,351.668,716.668
604.127,354.903,841.621
351.3,225.163,99.0034
348.76,223.088,223.96
346.22,221.013,348.917
354.897,350.092,101.151
352.358,348.018,226.108
349.818,345.943,351.065
358.495,475.022,103.298
355.955,472.947,228.255
353.415,470.873,353.212
476.222,221.523,101.482
473.683,219.448,226.439
471.143,217.374,351.396
479.82,346.453,103.629
477.28,344.378,228.586
474.74,342.303,353.543
483.417,471.382,105.777
480.877,469.308,230.734
478.338,467.233,355.691
601.145,217.883,103.961
598.605,215.808,228.918
596.065,213.734,353.875
604.742,342.813,106.108
602.202,340.738,231.065
599.663,338.663,356.022
608.34,467.743,108.255
605.8,465.668,233.212
603.26,463.593,358.169
350.537,223.998,224.694
351.902,221.918,349.669
353.267,219.838,474.645
351.088,348.979,226.768
352.453,346.899,351.743
353.818,344.819,476.719
351.638,473.961,228.842
353.003,471.881,353.818
354.368,469.801,478.793
475.528,223.47,223.32
476.894,221.39,348.295
478.259,219.31,473.27
476.079,348.451,225.394
477.444,346.371,350.369
478.809,344.291,475.345
476.629,473.433,227.468
477.995,471.353,352.444
479.36,469.273,477.419
600.52,222.942,221.946
601.885,220.862,346.921
603.25,218.782,471.896
601.07,347.924,224.02
602.435,345.844,348.995
603.8,343.764,473.971
601.621,472.905,226.094
602.986,470.825,351.069
604.351,468.745,476.045
351.86,224.111,348.664
352.531,222.569,473.652
353.201,221.027,598.641
348.376,349.053,350.224
349.046,347.511,475.212
349.717,345.969,600.201
344.891,473.994,351.784
345.562,472.452,476.772
346.233,470.91,601.761
476.81,227.603,348.036
477.481,226.061,473.025
478.151,224.52,598.014
473.326,352.545,349.596
473.996,351.003,474.585
474.667,349.461,599.574
469.841,477.487,351.156
470.512,475.945,476.145
471.182,474.403,601.134
601.76,231.096,347.409
602.43,229.554,472.398
603.101,228.012,597.387
598.275,356.038,348.969
598.946,354.496,473.958
599.616,352.954,598.946
594.791,480.979,350.529
595.461,479.437,475.518
596.132,477.895,600.506
349.419,224.524,475.165
349.929,223.757,600.161
350.439,222.989,725.158
349.524,349.522,475.932
350.034,348.754,600.929
350.544,347.987,725.925
349.628,474.52,476.699
350.138,473.752,601.696
350.648,472.984,726.692
474.418,224.423,474.654
474.928,223.655,599.651
475.438,222.888,724.648
474.523,349.421,475.421
475.033,348.653,600.418
475.543,347.885,725.415
474.627,474.418,476.189
475.137,473.651,601.185
475.647,472.883,726.182
599.417,224.321,474.144
599.927,223.554,599.14
600.437,222.786,724.137
599.522,349.319,474.911
600.032,348.551,599.908
600.541,347.784,724.904
599.626,474.317,475.678
600.136,473.549,600.675
600.646,472.781,725.671
349.761,226.176,600.16
349.177,223.582,725.132
348.594,220.988,850.104
347.569,351.13,602.744
346.986,348.536,727.715
346.403,345.942,852.687
345.378,476.084,605.327
344.795,473.49,730.299
344.211,470.896,855.27
474.74,228.354,600.789
474.157,225.76,725.76
473.574,223.167,850.732
472.549,353.309,603.372
471.965,350.715,728.344
471.382,348.121,853.316
470.357,478.263,605.955
469.774,475.669,730.927
469.191,473.075,855.899
599.72,230.533,601.417
599.136,227.939,726.389
598.553,225.345,851.361
597.528,355.487,604.001
596.945,352.893,728.972
596.362,350.299,853.944
595.337,480.441,606.584
594.754,477.848,731.556
594.17,475.254,856.527
350.872,349.581,98.9341
347.155,345.867,223.824
343.439,342.152,348.713
352.979,474.506,102.713
349.262,470.792,227.602
345.546,467.077,352.492
355.086,599.432,106.491
351.369,595.717,231.381
347.653,592.002,356.27
475.798,347.364,102.586
472.082,343.649,227.475
468.366,339.934,352.365
477.905,472.289,106.364
474.189,468.574,231.254
470.473,464.859,356.143
480.012,597.214,110.143
476.296,593.499,235.032
472.58,589.785,359.922
600.725,345.146,106.237
597.009,341.432,231.127
593.293,337.717,356.016
602.832,470.072,110.016
599.116,466.357,234.905
595.4,462.642,359.795
604.939,594.997,113.794
601.223,591.282,238.684
597.507,587.567,363.573
348.764,351.476,224.698
347.06,350.093,349.679
345.356,348.709,474.66
351.396,476.441,226.118
349.692,475.057,351.099
347.988,473.673,476.079
354.028,601.405,227.537
352.323,600.021,352.518
350.619,598.637,477.499
473.725,348.826,226.373
472.021,347.442,351.354
470.317,346.058,476.334
476.357,473.79,227.792
474.652,472.406,352.773
472.948,471.022,477.754
478.988,598.754,229.212
477.284,597.37,354.193
475.58,595.987,479.173
598.686,346.175,228.047
596.981,344.791,353.028
595.277,343.408,478.009
601.317,471.139,229.467
599.613,469.756,354.448
597.909,468.372,479.428
603.949,596.104,230.886
602.245,594.72,355.867
600.541,593.336,480.848
350.324,350.074,349.521
352.117,348.257,474.495
353.909,346.441,599.469
352.045,475.049,351.312
353.837,473.233,476.286
355.63,471.416,601.26
353.766,600.024,353.104
355.558,598.208,478.078
357.351,596.392,603.052
475.299,348.379,347.703
477.092,346.563,472.677
478.885,344.746,597.651
477.02,473.354,349.495
478.813,471.538,474.469
480.605,469.722,599.443
478.741,598.329,351.286
480.534,596.513,476.26
482.326,594.697,601.234
600.274,346.684,345.886
602.067,344.868,470.86
603.86,343.052,595.834
601.995,471.659,347.678
603.788,469.843,472.651
605.581,468.027,597.625
603.716,596.635,349.469
605.509,594.818,474.443
607.301,593.002,599.417
351.169,351.157,476.471
349.164,348.413,601.424
347.16,345.669,726.378
353.693,476.101,479.255
351.689,473.357,604.209
349.684,470.613,729.162
356.217,601.044,482.039
354.213,598.3,606.993
352.208,595.556,731.947
476.127,348.589,478.419
474.123,345.845,603.373
472.118,343.101,728.326
478.652,473.533,481.203
476.647,470.789,606.157
474.642,468.045,731.111
481.176,598.476,483.988
479.171,595.732,608.941
477.167,592.988,733.895
601.086,346.021,480.367
599.081,343.277,605.321
597.077,340.533,730.275
603.61,470.965,483.151
601.605,468.221,608.105
599.601,465.477,733.059
606.134,595.908,485.936
604.13,593.164,610.89
602.125,590.42,735.843
349.843,349.328,601.697
349.654,347.12,726.677
349.466,344.912,851.658
352.553,474.279,603.909
352.365,472.071,728.889
352.177,469.863,853.87
355.264,599.23,606.121
355.076,597.022,731.101
354.887,594.814,856.082
474.813,346.615,601.837
474.625,344.406,726.818
474.436,342.198,851.798
477.524,471.566,604.049
477.335,469.357,729.03
477.147,467.149,854.01
480.234,596.517,606.261
480.046,594.308,731.242
479.858,592.1,856.222
599.783,343.901,601.978
599.595,341.693,726.958
599.407,339.484,851.938
602.494,468.852,604.19
602.306,466.644,729.17
602.118,464.435,854.15
605.205,593.803,606.402
605.016,591.595,731.382
604.828,589.386,856.362
350.195,476.99,101.32
351.06,479.336,226.295
351.925,481.681,351.27
351.046,601.965,98.9691
351.912,604.31,223.944
352.777,606.656,348.919
351.898,726.94,96.6178
352.763,729.285,221.593
353.628,731.631,346.568
475.189,476.122,100.471
476.054,478.468,225.446
476.919,480.813,350.421
476.041,601.097,98.1201
476.906,603.443,223.095
477.771,605.788,348.07
476.892,726.072,95.7688
477.757,728.418,220.744
478.622,730.763,345.719
600.183,475.255,99.6224
601.048,477.6,224.597
601.914,479.946,349.572
601.035,600.23,97.2711
601.9,602.575,222.246
602.765,604.921,347.221
601.886,725.205,94.9198
602.751,727.55,219.895
603.617,729.896,344.87
351.833,474.014,223.396
354.536,471.468,348.341
357.24,468.921,473.286
348.72,598.948,226.009
351.423,596.402,350.954
354.126,593.855,475.899
345.606,723.882,228.623
348.31,721.335,353.567
351.013,718.789,478.512
476.765,477.182,220.757
479.468,474.636,345.702
482.172,472.09,470.647
473.652,602.116,223.371
476.355,599.57,348.316
479.058,597.024,473.26
470.538,727.05,225.984
473.242,724.504,350.929
475.945,721.958,475.874
601.697,480.351,218.119
604.4,477.805,343.064
607.104,475.258,468.009
598.584,605.285,220.732
601.287,602.739,345.677
603.99,600.192,470.622
595.47,730.219,223.345
598.174,727.672,348.29
600.877,725.126,473.235
349.123,476.166,350.272
349.969,475.12,475.265
350.815,474.075,600.258
346.229,601.128,351.337
347.076,600.082,476.33
347.922,599.037,601.323
343.336,726.09,352.402
344.182,725.044,477.395
345.028,723.999,602.387
474.086,479.066,349.45
474.933,478.021,474.443
475.779,476.975,599.436
471.193,604.028,350.515
472.039,602.983,475.508
472.885,601.937,600.501
468.299,728.99,351.58
469.146,727.945,476.573
469.992,726.899,601.565
599.05,481.967,348.628
599.896,480.921,473.621
600.743,479.876,598.614
596.157,606.929,349.693
597.003,605.883,474.686
597.849,604.838,599.679
593.263,731.891,350.758
594.109,730.845,475.751
594.956,729.8,600.744
350.88,473.915,475.849
354.449,472.211,600.786
358.017,470.507,725.724
351.958,598.899,477.523
355.526,597.195,602.46
359.095,595.491,727.397
353.035,723.883,479.196
356.604,722.179,604.134
360.172,720.475,729.071
475.825,472.886,472.266
479.393,471.182,597.203
482.961,469.478,722.141
476.902,597.87,473.94
480.471,596.166,598.877
484.039,594.462,723.815
477.98,722.854,475.614
481.548,721.15,600.551
485.117,719.446,725.489
600.769,471.856,468.683
604.337,470.152,593.621
607.906,468.448,718.558
601.847,596.84,470.357
605.415,595.136,595.295
608.984,593.432,720.232
602.924,721.825,472.031
606.493,720.121,596.969
610.061,718.417,721.906
348.928,473.245,599.736
350.776,472.765,724.721
352.624,472.285,849.707
346.882,598.227,600.246
348.729,597.747,725.231
350.577,597.267,850.217
344.835,723.209,600.756
346.682,722.729,725.742
348.53,722.249,850.727
473.898,475.299,597.896
475.746,474.819,722.882
477.593,474.339,847.867
471.851,600.281,598.407
473.699,599.801,723.392
475.546,599.321,848.377
469.804,725.263,598.917
471.652,724.783,723.902
473.5,724.303,848.888
598.868,477.353,596.057
600.715,476.873,721.042
602.563,476.393,846.028
596.821,602.335,596.567
598.668,601.855,721.553
600.516,601.375,846.538
594.774,727.317,597.077
596.622,726.837,722.063
598.469,726.357,847.048
348.915,601.217,100.611
347.888,602.834,225.597
346.861,604.451,350.582
352.277,726.161,99.0223
351.25,727.778,224.008
350.223,729.396,348.993
355.64,851.106,97.4332
354.613,852.723,222.419
353.586,854.34,347.404
473.865,597.867,101.681
472.838,599.485,226.667
471.811,601.102,351.652
477.228,722.812,100.092
476.201,724.429,225.078
475.174,726.047,350.063
480.591,847.757,98.5033
479.563,849.374,223.489
478.536,850.991,348.474
598.816,594.518,102.752
597.789,596.136,227.737
596.762,597.753,352.722
602.179,719.463,101.163
601.151,721.08,226.148
600.124,722.697,351.133
605.541,844.408,99.5735
604.514,846.025,224.559
603.487,847.642,349.544
350.657,600.236,225.589
350.038,598.338,350.573
349.419,596.44,475.557
352.851,725.202,227.497
352.232,723.304,352.482
351.613,721.407,477.466
355.045,850.168,229.406
354.426,848.271,354.39
353.806,846.373,479.374
475.637,598.033,226.175
475.017,596.135,351.159
474.398,594.237,476.143
477.83,722.999,228.083
477.211,721.101,353.067
476.592,719.204,478.051
480.024,847.965,229.992
479.405,846.068,354.976
478.786,844.17,479.96
600.616,595.83,226.761
599.996,593.932,351.745
599.377,592.034,476.729
602.81,720.796,228.669
602.19,718.898,353.653
601.571,717.001,478.637
605.003,845.762,230.578
604.384,843.865,355.562
603.765,841.967,480.546
351.35,598.492,349.421
354.343,598.287,474.385
357.335,598.082,599.349
352.472,723.487,349.6
355.464,723.282,474.564
358.457,723.077,599.528
353.594,848.482,349.778
356.586,848.277,474.742
359.578,848.072,599.706
476.31,597.375,346.427
479.302,597.17,471.391
482.294,596.965,596.355
477.431,722.37,346.606
480.424,722.165,471.57
483.416,721.96,596.534
478.553,847.365,346.784
481.545,847.16,471.748
484.537,846.955,596.712
601.269,596.258,343.433
604.261,596.053,468.397
607.253,595.848,593.362
602.39,721.253,343.612
605.383,721.048,468.576
608.375,720.843,593.54
603.512,846.248,343.79
606.504,846.043,468.754
609.497,845.837,593.718
350.157,599.786,474.021
350.907,602.654,598.985
351.657,605.522,723.95
350.429,724.753,471.151
351.179,727.621,596.116
351.929,730.489,721.081
350.701,849.72,468.282
351.451,852.588,593.247
352.201,855.455,718.211
475.155,599.497,473.277
475.904,602.365,598.242
476.654,605.233,723.207
475.427,724.464,470.408
476.176,727.332,595.373
476.926,730.2,720.337
475.698,849.431,467.538
476.448,852.299,592.503
477.198,855.166,717.468
600.152,599.208,472.534
600.902,602.076,597.499
601.652,604.944,722.463
600.424,724.175,469.664
601.174,727.043,594.629
601.924,729.911,719.594
600.696,849.142,466.795
601.446,852.01,591.76
602.196,854.877,716.725
350.644,600.816,598.21
352.166,601.812,723.196
353.687,602.808,848.183
349.613,725.808,597.226
351.134,726.804,722.213
352.656,727.8,847.2
348.582,850.8,596.243
350.103,851.796,721.229
351.624,852.792,846.216
475.631,601.836,596.68
477.152,602.832,721.667
478.673,603.828,846.654
474.599,726.827,595.697
476.121,727.823,720.684
477.642,728.819,845.67
473.568,851.819,594.713
475.089,852.815,719.7
476.611,853.811,844.687
600.617,602.855,595.151
602.139,603.851,720.138
603.66,604.847,845.124
599.586,727.847,594.167
601.107,728.843,719.154
602.629,729.839,844.141
598.555,852.839,593.184
600.076,853.835,718.171
601.597,854.831,843.157
475.189,101.883,99.2705
475.637,103.667,224.257
476.085,105.45,349.243
472.304,226.837,97.4974
472.752,228.621,222.484
473.199,230.405,347.47
469.419,351.791,95.7243
469.866,353.575,220.711
470.314,355.359,345.697
600.155,104.761,98.7818
600.603,106.545,223.768
601.051,108.329,348.755
597.27,229.716,97.0087
597.718,231.499,221.995
598.165,233.283,346.982
594.384,354.67,95.2356
594.832,356.454,220.222
595.28,358.237,345.209
725.121,107.64,98.2932
725.569,109.424,223.28
726.017,111.208,348.266
722.236,232.594,96.52
722.683,234.378,221.507
723.131,236.162,346.493
719.35,357.548,94.7469
719.798,359.332,219.733
720.246,361.116,344.72
474.54,98.7007,224.567
477.003,99.2408,349.541
479.466,99.7809,474.516
475.635,223.695,224.005
478.097,224.235,348.98
480.56,224.775,473.954
476.729,348.689,223.443
479.191,349.229,348.418
481.654,349.769,473.392
599.511,97.5957,222.109
601.974,98.1359,347.084
604.437,98.676,472.058
600.606,222.59,221.547
603.068,223.13,346.522
605.531,223.67,471.496
601.7,347.584,220.985
604.162,348.124,345.96
606.625,348.664,470.935
724.482,96.4908,219.651
726.945,97.0309,344.626
729.408,97.5711,469.6
725.576,221.485,219.09
728.039,222.025,344.064
730.502,222.565,469.039
726.671,346.479,218.528
729.133,347.019,343.502
731.596,347.559,468.477
474.271,100.773,350.381
470.896,100.495,475.335
467.52,100.217,600.289
472.119,225.754,350.601
468.744,225.476,475.555
465.369,225.198,600.509
469.968,350.735,350.821
466.592,350.457,475.775
463.217,350.179,600.729
599.207,102.918,353.76
595.831,102.64,478.715
592.456,102.362,603.669
597.055,227.899,353.981
593.68,227.621,478.935
590.304,227.343,603.889
594.904,352.88,354.201
591.528,352.602,479.155
588.153,352.324,604.109
724.143,105.063,357.14
720.767,104.785,482.094
717.392,104.506,607.048
721.991,230.044,357.36
718.616,229.766,482.314
715.24,229.488,607.268
719.839,355.025,357.58
716.464,354.747,482.534
713.089,354.469,607.488
473.386,100.934,474.342
471.777,98.2656,599.303
470.169,95.5975,724.264
471.108,225.885,476.98
469.5,223.217,601.941
467.891,220.549,726.903
468.83,350.837,479.619
467.222,348.168,604.58
465.613,345.5,729.541
598.355,103.177,475.998
596.746,100.509,600.959
595.138,97.8407,725.921
596.077,228.128,478.637
594.468,225.46,603.598
592.86,222.792,728.559
593.799,353.08,481.276
592.191,350.412,606.237
590.582,347.743,731.198
723.324,105.42,477.655
721.715,102.752,602.616
720.107,100.084,727.577
721.046,230.372,480.293
719.437,227.703,605.255
717.829,225.035,730.216
718.768,355.323,482.932
717.159,352.655,607.893
715.551,349.987,732.854
476.949,99.1065,599.467
477.292,95.4383,724.413
477.635,91.7701,849.358
478.776,224.04,603.13
479.119,220.371,728.076
479.462,216.703,853.021
480.603,348.972,606.793
480.946,345.304,731.738
481.289,341.636,856.684
601.936,97.2906,599.071
602.279,93.6224,724.016
602.622,89.9542,848.962
603.762,222.224,602.733
604.105,218.555,727.679
604.448,214.887,852.625
605.589,347.157,606.396
605.932,343.488,731.342
606.275,339.82,856.288
726.922,95.4747,598.674
727.265,91.8065,723.62
727.608,88.1383,848.566
728.749,220.408,602.337
729.092,216.74,727.283
729.434,213.071,852.228
730.575,345.341,606
730.918,341.672,730.946
731.261,338.004,855.891
475.479,224.694,101.519
477.595,223.801,226.498
479.711,222.908,351.477
478.143,349.663,102.367
480.259,348.769,227.346
482.375,347.876,352.325
480.807,474.631,103.215
482.923,473.738,228.194
485.04,472.845,353.173
600.432,222.045,99.3842
602.549,221.151,224.363
604.665,220.258,349.342
603.096,347.013,100.232
605.213,346.12,225.211
607.329,345.227,350.19
605.761,471.982,101.08
607.877,471.089,226.059
609.993,470.196,351.038
725.386,219.395,97.2494
727.502,218.502,222.228
729.619,217.609,347.207
728.05,344.364,98.0974
730.166,343.471,223.076
732.283,342.577,348.055
730.714,469.333,98.9455
732.831,468.439,223.924
734.947,467.546,348.903
475.785,226.371,223.717
473.705,228.386,348.684
471.625,230.402,473.65
479.451,351.302,221.764
477.371,353.317,346.73
475.291,355.333,471.696
483.117,476.233,219.81
481.037,478.248,344.776
478.957,480.264,469.743
600.714,222.738,225.855
598.634,224.754,350.822
596.554,226.769,475.788
604.38,347.669,223.902
602.3,349.685,348.868
600.22,351.7,473.835
608.046,472.6,221.948
605.966,474.616,346.914
603.886,476.631,471.881
725.643,219.106,227.994
723.563,221.121,352.96
721.483,223.137,477.926
729.309,344.037,226.04
727.229,346.052,351.006
725.149,348.068,475.973
732.975,468.968,224.086
730.895,470.983,349.052
728.815,472.999,474.019
476.271,225.404,350.56
477.55,223.136,475.533
478.83,220.868,600.506
474.956,350.376,352.842
476.236,348.108,477.815
477.516,345.841,602.787
473.641,475.348,355.123
474.921,473.081,480.096
476.201,470.813,605.069
601.257,226.742,349.305
602.537,224.474,474.278
603.817,222.206,599.25
599.942,351.714,351.586
601.222,349.446,476.559
602.502,347.178,601.532
598.628,476.686,353.867
599.908,474.418,478.84
601.188,472.151,603.813
726.244,228.079,348.049
727.524,225.812,473.022
728.804,223.544,597.995
724.929,353.052,350.33
726.209,350.784,475.303
727.489,348.516,600.276
723.614,478.024,352.611
724.894,475.756,477.584
726.174,473.488,602.557
476.859,225.469,473.397
478.617,228.062,598.357
480.375,230.656,723.318
479.931,350.403,470.76
481.689,352.997,595.721
483.447,355.59,720.682
483.002,475.338,468.124
484.76,477.931,593.085
486.518,480.525,718.046
601.809,222.361,471.703
603.567,224.955,596.664
605.325,227.548,721.625
604.881,347.296,469.067
606.639,349.889,594.028
608.397,352.483,718.988
607.952,472.23,466.431
609.71,474.824,591.391
611.468,477.417,716.352
726.759,219.254,470.01
728.517,221.847,594.971
730.275,224.441,719.931
729.831,344.188,467.374
731.589,346.782,592.334
733.347,349.375,717.295
732.902,469.123,464.737
734.66,471.716,589.698
736.418,474.31,714.659
476.302,223.619,601.821
472.602,226.326,726.736
468.902,229.033,851.652
475.59,348.587,599.091
471.889,351.294,724.007
468.189,354.001,848.923
474.877,473.555,596.362
471.177,476.262,721.278
467.476,478.969,846.194
601.245,224.412,605.504
597.545,227.119,730.42
593.845,229.826,855.336
600.533,349.38,602.775
596.832,352.087,727.691
593.132,354.794,852.607
599.82,474.348,600.046
596.12,477.055,724.962
592.419,479.762,849.878
726.189,225.205,609.188
722.488,227.912,734.104
718.788,230.619,859.02
725.476,350.173,606.459
721.776,352.88,731.375
718.075,355.587,856.291
724.763,475.141,603.73
721.063,477.848,728.646
717.363,480.555,853.562
475.675,351.393,98.3028
477.803,351.422,223.285
479.932,351.45,348.267
479.41,476.337,98.2106
481.539,476.366,223.192
483.667,476.395,348.174
483.145,601.281,98.1183
485.274,601.31,223.1
487.403,601.339,348.082
600.601,347.657,96.1759
602.729,347.685,221.158
604.858,347.714,346.14
604.336,472.601,96.0836
606.465,472.63,221.065
608.593,472.658,346.047
608.071,597.545,95.9914
610.2,597.574,220.973
612.329,597.602,345.955
725.527,343.92,94.0489
727.655,343.949,219.031
729.784,343.978,344.013
729.262,468.865,93.9566
731.391,468.893,218.939
733.52,468.922,343.92
732.997,593.809,93.8644
735.126,593.837,218.846
737.255,593.866,343.828
475.195,351.001,225.815
471.601,347.766,350.721
468.006,344.532,475.628
475.641,475.958,229.063
472.046,472.723,353.97
468.452,469.489,478.876
476.086,600.915,232.312
472.492,597.68,357.218
468.898,594.446,482.125
600.142,350.462,229.396
596.548,347.227,354.303
592.954,343.993,479.209
600.588,475.419,232.645
596.994,472.184,357.551
593.4,468.95,482.458
601.034,600.376,235.893
597.44,597.141,360.8
593.845,593.907,485.706
725.09,349.923,232.978
721.496,346.689,357.884
717.901,343.454,482.791
725.536,474.88,236.226
721.941,471.646,361.133
718.347,468.411,486.039
725.981,599.837,239.475
722.387,596.602,364.381
718.793,593.368,489.288
474.535,351.434,349.745
472.194,349.849,474.713
469.852,348.264,599.681
474.726,476.424,351.333
472.385,474.839,476.301
470.043,473.253,601.269
474.917,601.413,352.922
472.576,599.828,477.89
470.234,598.243,602.858
599.513,351.213,352.083
597.172,349.628,477.051
594.83,348.043,602.019
599.704,476.203,353.672
597.362,474.618,478.64
595.021,473.033,603.608
599.895,601.193,355.261
597.553,599.608,480.229
595.212,598.023,605.197
724.491,350.992,354.422
722.149,349.407,479.39
719.808,347.822,604.358
724.682,475.982,356.011
722.34,474.397,480.979
719.999,472.812,605.947
724.873,600.972,357.6
722.531,599.387,482.568
720.19,597.802,607.536
476.455,348.354,476.091
476.394,348.553,601.091
476.333,348.752,726.09
474.31,473.336,475.891
474.249,473.535,600.891
474.188,473.734,725.891
472.164,598.317,475.691
472.103,598.516,600.691
472.042,598.715,725.691
601.437,350.5,476.148
601.376,350.699,601.148
601.315,350.898,726.148
599.291,475.481,475.948
599.23,475.68,600.948
599.169,475.879,725.948
597.146,600.463,475.749
597.085,600.662,600.748
597.024,600.861,725.748
726.418,352.646,476.206
726.357,352.845,601.206
726.296,353.043,726.206
724.273,477.627,476.006
724.212,477.826,601.006
724.151,478.025,726.006
722.127,602.609,475.806
722.066,602.807,600.806
722.005,603.006,725.806
474.123,348.94,598.235
473.858,350.028,723.23
473.593,351.115,848.225
471.486,473.907,597.142
471.221,474.995,722.137
470.956,476.083,847.132
468.848,598.875,596.049
468.583,599.962,721.044
468.318,601.05,846.039
599.095,351.58,598.477
598.83,352.667,723.472
598.565,353.755,848.467
596.457,476.547,597.384
596.193,477.635,722.379
595.928,478.722,847.374
593.82,601.514,596.291
593.555,602.602,721.286
593.29,603.69,846.281
724.067,354.219,598.719
723.802,355.307,723.714
723.537,356.395,848.709
721.429,479.187,597.625
721.165,480.274,722.62
720.9,481.362,847.615
718.792,604.154,596.532
718.527,605.242,721.527
718.262,606.33,846.522
475.344,476.961,98.8265
476.001,476.2,223.822
476.658,475.439,348.818
477.386,601.942,99.577
478.043,601.181,224.573
478.7,600.42,349.569
479.428,726.923,100.328
480.084,726.162,225.324
480.741,725.401,350.319
600.326,474.924,98.1572
600.983,474.162,223.153
601.64,473.401,348.149
602.367,599.905,98.9077
603.024,599.143,223.904
603.681,598.382,348.9
604.409,724.886,99.6582
605.066,724.124,224.654
605.723,723.363,349.65
725.307,472.886,97.4879
725.964,472.125,222.484
726.621,471.363,347.48
727.349,597.867,98.2384
728.006,597.106,223.234
728.663,596.344,348.23
729.391,722.848,98.9889
730.048,722.087,223.985
730.705,721.325,348.981
476.286,475.386,223.345
477.632,474.993,348.337
478.977,474.599,473.329
472.956,600.341,223.774
474.301,599.947,348.766
475.647,599.554,473.758
469.626,725.296,224.203
470.971,724.902,349.195
472.317,724.509,474.187
601.234,478.72,222.011
602.58,478.327,347.003
603.925,477.934,471.995
597.904,603.675,222.44
599.25,603.282,347.432
600.595,602.889,472.424
594.574,728.63,222.869
595.92,728.237,347.861
597.265,727.844,472.853
726.183,482.055,220.676
727.528,481.661,345.668
728.874,481.268,470.66
722.853,607.01,221.105
724.198,606.616,346.097
725.544,606.223,471.089
719.523,731.964,221.534
720.868,731.571,346.526
722.214,731.178,471.518
475.991,475.553,350.289
473.374,474.901,475.26
470.756,474.249,600.231
474.276,600.54,350.905
471.658,599.887,475.876
469.041,599.235,600.847
472.561,725.526,351.522
469.943,724.874,476.493
467.326,724.222,601.464
600.952,477.255,352.915
598.334,476.603,477.886
595.717,475.95,602.857
599.237,602.241,353.532
596.619,601.589,478.503
594.002,600.937,603.474
597.522,727.228,354.148
594.904,726.576,479.119
592.286,725.924,604.09
725.913,478.957,355.542
723.295,478.304,480.513
720.677,477.652,605.484
724.198,603.943,356.158
721.58,603.291,481.129
718.962,602.639,606.1
722.483,728.93,356.775
719.865,728.278,481.746
717.247,727.626,606.716
473.122,476.673,474.229
473.018,477.925,599.222
472.913,479.177,724.216
470.246,601.634,472.975
470.142,602.886,597.969
470.038,604.137,722.963
467.37,726.595,471.722
467.266,727.846,596.715
467.162,729.098,721.709
598.089,479.55,474.304
597.984,480.802,599.298
597.88,482.053,724.291
595.213,604.511,473.05
595.109,605.762,598.044
595.004,607.014,723.038
592.337,729.471,471.797
592.233,730.723,596.791
592.129,731.975,721.784
723.055,482.427,474.379
722.951,483.679,599.373
722.847,484.93,724.367
720.179,607.388,473.126
720.075,608.639,598.119
719.971,609.891,723.113
717.304,732.348,471.872
717.2,733.6,596.866
717.095,734.851,721.859
473.095,476.822,601.647
476.429,473.427,726.556
479.764,470.033,851.465
475.116,601.761,604.988
478.451,598.366,729.898
481.785,594.971,854.807
477.138,726.7,608.33
480.472,723.305,733.239
483.806,719.91,858.149
598.034,474.892,598.259
601.368,471.497,723.168
604.703,468.102,848.078
600.055,599.83,601.601
603.39,596.436,726.51
606.724,593.041,851.42
602.077,724.769,604.942
605.411,721.375,729.852
608.746,717.98,854.761
722.973,472.961,594.871
726.308,469.566,719.781
729.642,466.171,844.69
724.995,597.9,598.213
728.329,594.505,723.122
731.663,591.11,848.032
727.016,722.839,601.555
730.35,719.444,726.464
733.685,716.049,851.374
475.952,599.395,100.738
477.131,596.891,225.707
478.31,594.388,350.676
479.166,724.329,103.21
480.345,721.826,228.179
481.524,719.322,353.149
482.379,849.263,105.682
483.558,846.76,230.652
484.737,844.257,355.621
600.906,596.205,99.495
602.085,593.702,224.464
603.263,591.199,349.434
604.119,721.14,101.967
605.298,718.636,226.937
606.477,716.133,351.906
607.332,846.074,104.44
608.511,843.571,229.409
609.69,841.067,354.378
725.859,593.016,98.2523
727.038,590.513,223.222
728.217,588.01,348.191
729.072,717.95,100.725
730.251,715.447,225.694
731.43,712.944,350.663
732.285,842.885,103.197
733.464,840.381,228.166
734.643,837.878,353.136
476.083,599.239,224.78
475.634,597.014,349.76
475.185,594.789,474.739
476.755,724.217,227.008
476.306,721.992,351.987
475.858,719.767,476.966
477.427,849.195,229.235
476.979,846.97,354.214
476.53,844.745,479.194
601.08,598.558,225.217
600.631,596.333,350.196
600.183,594.109,475.176
601.752,723.537,227.444
601.304,721.312,352.424
600.855,719.087,477.403
602.425,848.515,229.672
601.976,846.29,354.651
601.527,844.065,479.63
726.077,597.878,225.654
725.629,595.653,350.633
725.18,593.428,475.612
726.75,722.856,227.881
726.301,720.632,352.86
725.852,718.407,477.84
727.422,847.835,230.108
726.973,845.61,355.088
726.525,843.385,480.067
474.321,601.34,348.637
476.411,598.487,473.587
478.501,595.634,598.537
476.629,726.287,351.451
478.719,723.434,476.401
480.809,720.581,601.351
478.937,851.234,354.266
481.027,848.381,479.216
483.117,845.528,604.166
599.282,599.08,346.495
601.372,596.227,471.445
603.462,593.374,596.395
601.59,724.027,349.31
603.68,721.174,474.26
605.77,718.321,599.21
603.898,848.974,352.124
605.988,846.121,477.074
608.078,843.268,602.024
724.243,596.82,344.353
726.333,593.967,469.303
728.423,591.114,594.253
726.551,721.767,347.168
728.641,718.914,472.118
730.731,716.061,597.068
728.859,846.714,349.982
730.949,843.861,474.932
733.039,841.008,599.882
474.558,599.541,474.663
476.719,597.486,599.628
478.881,595.431,724.592
475.864,724.518,476.696
478.026,722.463,601.661
480.187,720.407,726.625
477.17,849.495,478.729
479.332,847.439,603.694
481.493,845.384,728.658
599.532,598.271,472.481
601.694,596.216,597.445
603.856,594.16,722.409
600.838,723.248,474.514
603,721.192,599.478
605.162,719.137,724.442
602.145,848.224,476.547
604.306,846.169,601.511
606.468,844.113,726.475
724.507,597,470.298
726.668,594.945,595.262
728.83,592.89,720.227
725.813,721.977,472.331
727.975,719.922,597.295
730.136,717.866,722.26
727.119,846.954,474.364
729.281,844.898,599.328
731.442,842.843,724.293
476.939,599.577,598.715
480.667,599.807,723.659
484.395,600.038,848.603
478.108,724.571,598.449
481.836,724.802,723.393
485.564,725.032,848.337
479.277,849.565,598.183
483.005,849.796,723.127
486.733,850.027,848.071
601.878,598.4,594.989
605.606,598.631,719.933
609.334,598.862,844.877
603.047,723.394,594.723
606.775,723.625,719.667
610.503,723.856,844.611
604.216,848.388,594.457
607.944,848.619,719.401
611.672,848.85,844.346
726.817,597.223,591.263
730.544,597.454,716.207
734.272,597.685,841.152
727.986,722.218,590.997
731.714,722.448,715.942
735.442,722.679,840.886
729.155,847.212,590.732
732.883,847.443,715.676
736.611,847.673,840.62
599.486,101.917,100.364
599.249,98.9664,225.329
599.012,96.0154,350.294
598.583,226.879,103.313
598.347,223.928,228.278
598.11,220.977,353.243
597.681,351.841,106.262
597.444,348.89,231.227
597.207,345.939,356.192
724.482,102.814,100.622
724.246,99.863,225.587
724.009,96.912,350.552
723.58,227.776,103.571
723.343,224.825,228.536
723.106,221.874,353.501
722.677,352.738,106.52
722.441,349.787,231.485
722.204,346.836,356.45
849.479,103.711,100.88
849.242,100.76,225.844
849.005,97.8087,350.809
848.576,228.673,103.829
848.34,225.722,228.794
848.103,222.771,353.759
847.674,353.635,106.778
847.437,350.684,231.743
847.2,347.733,356.708
599.961,100.031,224.426
602.644,102.353,349.376
605.326,104.674,474.326
602.286,224.987,222.055
604.969,227.308,347.004
607.652,229.63,471.954
604.612,349.943,219.683
607.294,352.264,344.633
609.977,354.586,469.583
724.91,97.6557,221.788
727.593,99.9771,346.737
730.276,102.298,471.687
727.236,222.612,219.416
729.919,224.933,344.366
732.601,227.254,469.315
729.561,347.567,217.045
732.244,349.889,341.994
734.927,352.21,466.944
849.86,95.2803,219.149
852.543,97.6017,344.098
855.226,99.923,469.048
852.185,220.236,216.777
854.868,222.558,341.727
857.551,224.879,466.677
854.511,345.192,214.406
857.194,347.513,339.356
859.876,349.835,464.305
598.222,101.009,348.172
599.784,99.3869,473.152
601.345,97.765,598.131
595.334,225.964,349.83
596.896,224.343,474.809
598.457,222.721,599.789
592.446,350.92,351.487
594.008,349.298,476.467
595.569,347.676,601.447
723.179,103.917,346.649
724.74,102.295,471.628
726.302,100.673,596.608
720.291,228.873,348.306
721.853,227.251,473.286
723.414,225.629,598.266
717.403,353.828,349.964
718.965,352.206,474.944
720.526,350.584,599.923
848.136,106.825,345.125
849.697,105.203,470.105
851.259,103.581,595.085
845.248,231.781,346.783
846.809,230.159,471.763
848.371,228.537,596.742
842.36,356.736,348.441
843.922,355.114,473.42
845.483,353.492,598.4
598.099,101.307,473.627
597.609,99.3295,598.611
597.12,97.3523,723.594
599.975,226.277,475.612
599.486,224.3,600.595
598.996,222.322,725.579
601.852,351.247,477.596
601.362,349.27,602.58
600.872,347.293,727.563
723.084,99.4229,474.088
722.594,97.4457,599.071
722.104,95.4685,724.054
724.96,224.393,476.072
724.471,222.416,601.055
723.981,220.439,726.039
726.837,349.363,478.056
726.347,347.386,603.04
725.857,345.409,728.023
848.069,97.5391,474.548
847.579,95.5618,599.531
847.089,93.5846,724.514
849.945,222.509,476.532
849.456,220.532,601.515
848.966,218.555,726.499
851.822,347.479,478.516
851.332,345.502,603.5
850.842,343.525,728.483
599.258,99.223,601.391
598.344,98.5078,726.386
597.43,97.7925,851.381
597.273,224.205,602.092
596.359,223.49,727.087
595.445,222.775,852.081
595.287,349.188,602.793
594.373,348.472,727.787
593.459,347.757,852.782
724.239,101.203,602.317
723.325,100.488,727.311
722.411,99.7728,852.306
722.254,226.186,603.018
721.34,225.47,728.012
720.425,224.755,853.007
720.268,351.168,603.718
719.354,350.453,728.713
718.44,349.737,853.707
849.22,103.184,603.242
848.306,102.468,728.237
847.392,101.753,853.231
847.235,228.166,603.943
846.32,227.451,728.938
845.406,226.735,853.932
845.249,353.148,604.644
844.335,352.433,729.638
843.421,351.718,854.633
598.759,224.983,98.9036
596.888,224.299,223.888
595.017,223.614,348.872
598.403,349.98,99.5825
596.533,349.296,224.567
594.662,348.612,349.551
598.048,474.978,100.261
596.178,474.294,225.246
594.307,473.61,350.23
723.744,225.328,100.776
721.873,224.643,225.76
720.003,223.959,350.744
723.389,350.325,101.455
721.518,349.641,226.439
719.648,348.957,351.423
723.034,475.323,102.134
721.163,474.639,227.118
719.293,473.955,352.102
848.73,225.673,102.649
846.859,224.988,227.633
844.988,224.304,352.617
848.374,350.67,103.328
846.504,349.986,228.312
844.633,349.302,353.296
848.019,475.668,104.007
846.149,474.984,228.991
844.278,474.3,353.975
601.022,224.192,223.467
601.234,222.296,348.453
601.446,220.4,473.438
604.493,349.13,225.357
604.705,347.234,350.342
604.917,345.338,475.328
607.965,474.067,227.246
608.177,472.171,352.232
608.389,470.275,477.217
725.973,220.725,223.203
726.186,218.828,348.188
726.398,216.932,473.174
729.445,345.662,225.092
729.657,343.766,350.078
729.869,341.87,475.063
732.916,470.6,226.982
733.128,468.703,351.967
733.34,466.807,476.953
850.925,217.257,222.938
851.137,215.361,347.924
851.349,213.464,472.909
854.397,342.194,224.828
854.609,340.298,349.813
854.821,338.402,474.799
857.868,467.132,226.717
858.08,465.236,351.703
858.292,463.339,476.688
599.228,223.109,350.446
601.203,226.012,475.396
603.178,228.914,600.347
599.561,348.075,347.538
601.536,350.977,472.488
603.511,353.88,597.439
599.894,473.041,344.63
601.869,475.943,469.58
603.844,478.845,594.531
724.212,222.731,348.479
726.187,225.633,473.43
728.162,228.535,598.381
724.545,347.696,345.571
726.52,350.599,470.522
728.495,353.501,595.473
724.878,472.662,342.663
726.853,475.564,467.614
728.828,478.467,592.565
849.196,222.352,346.513
851.171,225.254,471.463
853.146,228.157,596.414
849.529,347.318,343.605
851.504,350.22,468.555
853.479,353.122,593.506
849.862,472.283,340.697
851.837,475.186,465.647
853.811,478.088,590.598
600.761,225.869,474.439
600.774,225.149,599.437
600.787,224.429,724.435
598.337,350.843,475.159
598.35,350.124,600.157
598.363,349.404,725.154
595.913,475.818,475.879
595.926,475.098,600.876
595.939,474.378,725.874
725.738,228.293,474.44
725.751,227.573,599.438
725.763,226.854,724.436
723.314,353.268,475.16
723.327,352.548,600.158
723.339,351.828,725.156
720.89,478.242,475.88
720.902,477.522,600.878
720.915,476.802,725.876
850.714,230.717,474.441
850.727,229.998,599.439
850.74,229.278,724.437
848.29,355.692,475.161
848.303,354.972,600.159
848.316,354.252,725.157
845.866,480.666,475.881
845.879,479.947,600.879
845.892,479.227,725.877
598.733,226.461,598.668
598.207,225.804,723.665
597.681,225.146,848.662
599.95,351.454,599.33
599.424,350.796,724.328
598.898,350.138,849.325
601.167,476.446,599.993
600.641,475.788,724.99
600.115,475.131,849.988
723.726,225.242,599.187
723.2,224.584,724.184
722.674,223.926,849.182
724.943,350.234,599.85
724.417,349.576,724.847
723.891,348.919,849.844
726.16,475.226,600.513
725.634,474.569,725.51
725.108,473.911,850.507
848.719,224.022,599.707
848.193,223.364,724.704
847.667,222.706,849.701
849.936,349.014,600.37
849.41,348.357,725.367
848.884,347.699,850.364
851.153,474.007,601.033
850.627,473.349,726.03
850.101,472.691,851.027
599.394,349.978,98.6472
602.697,351.476,223.595
606.001,352.975,348.542
599.721,474.969,97.1398
603.024,476.467,222.087
606.327,477.965,347.035
600.048,599.959,95.6324
603.351,601.457,220.58
606.654,602.956,345.527
724.35,349.612,95.3483
727.653,351.11,220.296
730.956,352.608,345.243
724.677,474.602,93.8408
727.98,476.1,218.788
731.283,477.599,343.736
725.004,599.593,92.3334
728.307,601.091,217.281
731.61,602.589,342.228
849.306,349.245,92.0493
852.609,350.743,216.997
855.912,352.242,341.944
849.633,474.236,90.5419
852.936,475.734,215.489
856.239,477.232,340.437
849.96,599.226,89.0345
853.263,600.724,213.982
856.566,602.223,338.929
598.528,349.847,223.71
599.714,350.415,348.703
600.899,350.984,473.696
602.18,474.792,223.107
603.365,475.36,348.1
604.551,475.929,473.093
605.832,599.737,222.505
607.017,600.306,347.498
608.202,600.874,472.491
723.47,346.19,222.542
724.655,346.758,347.535
725.84,347.326,472.528
727.121,471.135,221.939
728.307,471.703,346.932
729.492,472.271,471.925
730.773,596.08,221.337
731.958,596.648,346.33
733.144,597.217,471.323
848.411,342.532,221.374
849.596,343.101,346.367
850.781,343.669,471.36
852.062,467.477,220.771
853.248,468.046,345.764
854.433,468.614,470.757
855.714,592.423,220.169
856.899,592.991,345.162
858.085,593.559,470.155
600.128,349.226,351.295
597.77,352.457,476.231
595.412,355.688,601.167
599.416,474.181,348.05
597.058,477.413,472.986
594.7,480.644,597.922
598.704,599.137,344.804
596.346,602.368,469.74
593.988,605.6,594.676
725.103,349.998,353.633
722.746,353.23,478.569
720.388,356.461,603.505
724.391,474.954,350.388
722.034,478.185,475.324
719.676,481.417,600.26
723.679,599.91,347.143
721.322,603.141,472.079
718.964,606.373,597.015
850.079,350.771,355.971
847.721,354.002,480.907
845.364,357.234,605.843
849.367,475.727,352.726
847.009,478.958,477.662
844.652,482.19,602.598
848.655,600.683,349.481
846.297,603.914,474.417
843.94,607.145,599.353
599.162,351.502,476.868
596.716,354.646,601.805
594.27,357.791,726.741
596.218,476.426,473.666
593.772,479.571,598.603
591.325,482.715,723.539
593.273,601.35,470.464
590.827,604.495,595.401
588.381,607.64,720.337
724.103,354.507,479.239
721.657,357.652,604.175
719.211,360.796,729.112
721.159,479.432,476.037
718.713,482.576,600.973
716.267,485.721,725.91
718.215,604.356,472.835
715.769,607.5,597.771
713.323,610.645,722.708
849.045,357.513,481.609
846.599,360.657,606.546
844.152,363.802,731.482
846.1,482.437,478.407
843.654,485.582,603.344
841.208,488.726,728.28
843.156,607.361,475.206
840.71,610.506,600.142
838.264,613.65,725.079
598.32,350.864,600.827
597.017,348.757,725.803
595.713,346.65,850.778
594.654,475.793,602.895
593.351,473.686,727.871
592.048,471.579,852.846
590.989,600.722,604.963
589.686,598.615,729.938
588.382,596.508,854.914
723.259,354.507,602.192
721.956,352.4,727.167
720.653,350.293,852.142
719.594,479.436,604.259
718.291,477.329,729.235
716.987,475.222,854.21
715.928,604.365,606.327
714.625,602.258,731.303
713.322,600.151,856.278
848.199,358.15,603.556
846.896,356.043,728.531
845.592,353.936,853.507
844.533,483.079,605.624
843.23,480.972,730.599
841.927,478.866,855.575
840.868,608.008,607.691
839.564,605.902,732.667
838.261,603.795,857.642
601.966,476.589,99.4476
604.604,476.12,224.419
607.243,475.651,349.39
599.728,601.568,99.9636
602.366,601.099,224.935
605.004,600.63,349.906
597.489,726.547,100.48
600.128,726.078,225.451
602.766,725.609,350.422
726.918,478.838,96.8181
729.557,478.369,221.789
732.195,477.9,346.761
724.68,603.817,97.3341
727.318,603.348,222.305
729.956,602.879,347.277
722.441,728.795,97.8501
725.08,728.327,222.821
727.718,727.858,347.793
851.87,481.086,94.1886
854.509,480.618,219.16
857.147,480.149,344.131
849.632,606.065,94.7046
852.27,605.597,219.676
854.909,605.128,344.647
847.393,731.044,95.2206
850.032,730.575,220.192
852.67,730.107,345.163
601.847,473.062,226.765
599.847,474.872,351.736
597.846,476.683,476.707
600.141,598.036,224.927
598.14,599.847,349.898
596.14,601.658,474.869
598.435,723.011,223.089
596.434,724.822,348.06
594.433,726.632,473.031
726.82,474.797,228.741
724.819,476.608,353.712
722.818,478.418,478.682
725.113,599.772,226.903
723.113,601.582,351.874
721.112,603.393,476.844
723.407,724.747,225.065
721.406,726.557,350.036
719.405,728.368,475.007
851.792,476.533,230.716
849.791,478.343,355.687
847.791,480.154,480.658
850.086,601.507,228.878
848.085,603.318,353.849
846.084,605.129,478.82
848.379,726.482,227.04
846.378,728.293,352.011
844.378,730.103,476.982
600.212,473.883,350.584
597.456,472.29,475.544
594.701,470.698,600.503
598.027,598.854,352.129
595.272,597.262,477.089
592.517,595.669,602.048
595.842,723.826,353.674
593.087,722.233,478.633
590.332,720.641,603.593
725.162,476.033,353.367
722.407,474.44,478.326
719.652,472.848,603.286
722.978,601.004,354.911
720.222,599.412,479.871
717.467,597.819,604.83
720.793,725.976,356.456
718.038,724.383,481.416
715.283,722.79,606.375
850.113,478.183,356.149
847.358,476.59,481.109
844.602,474.997,606.068
847.928,603.154,357.694
845.173,601.562,482.653
842.418,599.969,607.613
845.744,728.126,359.238
842.988,726.533,484.198
840.233,724.94,609.157
598.044,475.405,474.668
598.722,472.65,599.636
599.399,469.894,724.604
601.122,600.337,477.406
601.8,597.582,602.373
602.477,594.827,727.341
604.2,725.269,480.143
604.877,722.514,605.111
605.555,719.759,730.079
723.005,472.342,473.923
723.682,469.587,598.891
724.359,466.832,723.859
726.083,597.275,476.661
726.76,594.519,601.629
727.437,591.764,726.597
729.16,722.207,479.399
729.838,719.452,604.366
730.515,716.696,729.334
847.965,469.28,473.179
848.642,466.525,598.147
849.319,463.77,723.114
851.043,594.212,475.916
851.72,591.457,600.884
852.397,588.702,725.852
854.121,719.144,478.654
854.798,716.389,603.622
855.475,713.634,728.59
598.325,473.326,600.736
601.775,474.541,725.683
605.226,475.755,850.629
600.641,598.298,599.457
604.092,599.513,724.404
607.543,600.727,849.35
602.958,723.27,598.179
606.408,724.485,723.125
609.859,725.699,848.072
723.255,470.976,597.309
726.706,472.19,722.255
730.157,473.405,847.202
725.572,595.948,596.03
729.023,597.162,720.976
732.473,598.377,845.923
727.888,720.92,594.751
731.339,722.134,719.698
734.79,723.349,844.644
848.186,468.625,593.881
851.637,469.839,718.828
855.088,471.054,843.774
850.503,593.597,592.602
853.954,594.811,717.549
857.404,596.026,842.495
852.819,718.569,591.324
856.27,719.783,716.27
859.721,720.998,841.217
599.548,599.967,98.5075
599.505,599.089,223.504
599.463,598.21,348.501
600.215,724.962,99.3863
600.172,724.084,224.383
600.13,723.205,349.38
600.882,849.957,100.265
600.839,849.079,225.262
600.796,848.2,350.259
724.546,599.3,98.5455
724.504,598.421,223.542
724.461,597.543,348.539
725.213,724.295,99.4243
725.171,723.417,224.421
725.128,722.538,349.418
725.88,849.29,100.303
725.837,848.412,225.3
725.795,847.533,350.297
849.545,598.633,98.5836
849.502,597.754,223.581
849.459,596.876,348.577
850.211,723.628,99.4624
850.169,722.749,224.459
850.126,721.871,349.456
850.878,848.623,100.341
850.836,847.744,225.338
850.793,846.866,350.335
600.195,599.148,224.891
598.688,598.868,349.881
597.181,598.587,474.872
603.224,724.111,225.208
601.717,723.83,350.198
600.211,723.55,475.189
606.254,849.074,225.524
604.747,848.793,350.515
603.24,848.513,475.505
725.149,596.115,226.39
723.642,595.835,351.381
722.136,595.554,476.371
728.178,721.078,226.707
726.672,720.797,351.698
725.165,720.517,476.688
731.208,846.041,227.024
729.701,845.76,352.014
728.194,845.48,477.005
850.103,593.082,227.89
848.596,592.802,352.88
847.09,592.521,477.871
853.133,718.045,228.206
851.626,717.765,353.197
850.119,717.484,478.188
856.162,843.008,228.523
854.655,842.727,353.514
853.149,842.447,478.504
601.474,600.619,348.843
603.031,601.74,473.828
604.587,602.861,598.813
599.352,725.596,347.748
600.909,726.717,472.733
602.466,727.838,597.719
597.231,850.573,346.654
598.787,851.694,471.639
600.344,852.815,596.624
726.446,602.726,347.267
728.003,603.847,472.253
729.56,604.968,597.238
724.325,727.704,346.173
725.881,728.825,471.158
727.438,729.946,596.143
722.203,852.681,345.078
723.76,853.802,470.064
725.316,854.923,595.049
851.419,604.834,345.692
852.975,605.955,470.677
854.532,607.076,595.662
849.297,729.811,344.597
850.854,730.932,469.583
852.41,732.053,594.568
847.175,854.789,343.503
848.732,855.91,468.488
850.288,857.031,593.474
601.403,601.485,473.847
603.194,602.934,598.826
604.985,604.382,723.805
604.655,726.434,472.353
606.446,727.883,597.331
608.237,729.331,722.31
607.907,851.383,470.858
609.698,852.831,595.837
611.488,854.28,720.815
726.348,598.213,472.095
728.139,599.661,597.074
729.93,601.109,722.053
729.6,723.161,470.6
731.391,724.61,595.579
733.181,726.058,720.558
732.852,848.11,469.106
734.643,849.559,594.084
736.433,851.007,719.063
851.293,594.94,470.343
853.084,596.388,595.322
854.874,597.837,720.3
854.545,719.889,468.848
856.336,721.337,593.827
858.126,722.785,718.806
857.797,844.837,467.353
859.588,846.286,592.332
861.378,847.734,717.311
598.474,598.548,599.848
600.066,598.013,724.837
601.658,597.479,849.826
601.966,723.498,600.338
603.558,722.963,725.327
605.15,722.429,850.316
605.457,848.448,600.828
607.049,847.914,725.817
608.641,847.379,850.805
723.415,595.062,598.242
725.007,594.528,723.231
726.599,593.994,848.22
726.907,720.013,598.732
728.499,719.478,723.721
730.091,718.944,848.709
730.398,844.963,599.222
731.991,844.428,724.21
733.583,843.894,849.199
848.356,591.577,596.636
849.948,591.043,721.625
851.54,590.508,846.613
851.848,716.527,597.126
853.44,715.993,722.114
855.032,715.459,847.103
855.34,841.478,597.615
856.932,840.943,722.604
858.524,840.409,847.593
