27,125,OUTPUT/pa2-unknown-h-output1.txt
195.675,198.426,191.772
319.432,336.456,120.809
101.979,100.325,100.683
98.8806,100.27,225.645
95.7821,100.215,350.606
98.8519,225.286,100.661
95.7534,225.231,225.622
92.655,225.176,350.584
95.7248,350.247,100.638
92.6263,350.192,225.6
89.5279,350.137,350.561
226.902,103.452,103.782
223.803,103.397,228.744
220.705,103.342,353.705
223.774,228.413,103.76
220.676,228.358,228.721
217.577,228.303,353.683
220.647,353.374,103.737
217.549,353.319,228.699
214.45,353.264,353.66
351.824,106.579,106.881
348.725,106.524,231.843
345.627,106.469,356.804
348.697,231.54,106.858
345.598,231.485,231.82
342.5,231.43,356.782
345.57,356.5,106.836
342.471,356.446,231.797
339.373,356.391,356.759
99.7039,101.648,224.21
103.203,100.089,349.152
106.702,98.5302,474.093
97.7111,226.622,225.825
101.21,225.063,350.767
104.709,223.504,475.708
95.7183,351.595,227.44
99.2172,350.036,352.382
102.716,348.478,477.323
224.639,103.685,220.737
228.138,102.126,345.678
231.637,100.567,470.62
222.646,228.659,222.352
226.145,227.1,347.293
229.644,225.541,472.235
220.653,353.632,223.967
224.152,352.073,348.909
227.651,350.515,473.85
349.574,105.722,217.264
353.073,104.163,342.205
356.572,102.604,467.146
347.581,230.696,218.879
351.08,229.137,343.82
354.579,227.578,468.762
345.589,355.669,220.494
349.087,354.11,345.435
352.586,352.552,470.377
101.717,98.6131,348.742
103.842,95.8133,473.692
105.967,93.0135,598.643
104.357,223.555,351.496
106.482,220.755,476.447
108.608,217.955,601.397
106.998,348.497,354.251
109.123,345.697,479.201
111.248,342.897,604.152
226.671,96.0203,346.558
228.796,93.2205,471.509
230.921,90.4207,596.459
229.311,220.962,349.313
231.437,218.162,474.263
233.562,215.362,599.214
231.952,345.904,352.068
234.077,343.104,477.018
236.202,340.304,601.969
351.625,93.4275,344.375
353.75,90.6277,469.325
355.875,87.8279,594.276
354.265,218.369,347.13
356.391,215.569,472.08
358.516,212.77,597.031
356.906,343.311,349.884
359.031,340.511,474.835
361.156,337.711,599.785
98.5744,99.2974,473.164
95.4708,95.8756,598.079
92.3672,92.4538,722.994
97.5436,224.247,476.562
94.44,220.825,601.476
91.3364,217.403,726.391
96.5127,349.197,479.959
93.4091,345.775,604.873
90.3055,342.353,729.788
223.532,100.243,476.295
220.428,96.8214,601.21
217.324,93.3996,726.124
222.501,225.193,479.692
219.397,221.771,604.607
216.294,218.349,729.521
221.47,350.142,483.089
218.366,346.721,608.004
215.263,343.299,732.919
348.489,101.189,479.426
345.385,97.7672,604.34
342.282,94.3454,729.255
347.458,226.139,482.823
344.354,222.717,607.737
341.251,219.295,732.652
346.427,351.088,486.22
343.324,347.666,611.135
340.22,344.245,736.049
100.026,100.932,600.123
102.134,103.213,725.084
104.241,105.493,850.045
102.178,225.892,597.806
104.285,228.173,722.767
106.392,230.453,847.729
104.329,350.852,595.489
106.436,353.133,720.451
108.543,355.413,845.412
224.99,98.7426,598.055
227.097,101.023,723.017
229.205,103.303,847.978
227.141,223.703,595.739
229.249,225.983,720.7
231.356,228.263,845.661
229.293,348.663,593.422
231.4,350.943,718.383
233.507,353.223,843.345
349.954,96.5529,595.988
352.061,98.8333,720.949
354.168,101.114,845.911
352.105,221.513,593.671
354.212,223.793,718.633
356.32,226.074,843.594
354.256,346.473,591.355
356.364,348.753,716.316
358.471,351.034,841.277
100.899,225.062,99.3821
104.171,225.367,224.339
107.444,225.671,349.296
103.217,350.04,99.0168
106.489,350.345,223.974
109.762,350.649,348.93
105.535,475.018,98.6516
108.808,475.323,223.608
112.08,475.627,348.565
225.835,222.735,96.1159
229.107,223.04,221.073
232.379,223.344,346.029
228.153,347.713,95.7506
231.425,348.018,220.707
234.698,348.322,345.664
230.471,472.691,95.3854
233.743,472.996,220.342
237.016,473.3,345.299
350.77,220.408,92.8497
354.043,220.713,217.806
357.315,221.017,342.763
353.088,345.386,92.4845
356.361,345.691,217.441
359.633,345.995,342.398
355.406,470.364,92.1192
358.679,470.669,217.076
361.951,470.973,342.033
100.393,226.918,226.849
98.8289,227.775,351.836
97.2644,228.631,476.824
103.15,351.885,226.027
101.585,352.741,351.015
100.021,353.598,476.002
105.907,476.852,225.206
104.342,477.708,350.193
102.777,478.565,475.18
225.353,224.172,228.432
223.789,225.029,353.419
222.224,225.885,478.407
228.11,349.139,227.61
226.545,349.995,352.598
224.981,350.852,477.585
230.866,474.106,226.789
229.302,474.962,351.776
227.737,475.819,476.763
350.313,221.426,230.015
348.749,222.283,355.002
347.184,223.139,479.99
353.07,346.393,229.193
351.505,347.249,354.181
349.941,348.106,479.168
355.826,471.36,228.372
354.262,472.216,353.359
352.697,473.073,478.346
101.322,225.942,351.792
99.0546,227.94,476.755
96.7872,229.937,601.719
98.9818,350.903,349.752
96.7143,352.901,474.715
94.4468,354.899,599.678
96.6414,475.865,347.711
94.3739,477.862,472.675
92.1064,479.86,597.638
226.28,228.319,354.021
224.012,230.316,478.985
221.745,232.314,603.948
223.939,353.28,351.981
221.672,355.278,476.944
219.404,357.276,601.908
221.599,478.241,349.941
219.331,480.239,474.904
217.064,482.237,599.868
351.237,230.695,356.251
348.97,232.693,481.214
346.702,234.691,606.177
348.897,355.657,354.21
346.629,357.654,479.174
344.362,359.652,604.137
346.556,480.618,352.17
344.289,482.616,477.134
342.021,484.614,602.097
100.274,225.161,474.425
100.014,228.293,599.385
99.7535,231.425,724.346
98.235,350.105,471.289
97.9749,353.237,596.249
97.7148,356.369,721.21
96.1962,475.049,468.153
95.9361,478.181,593.113
95.676,481.313,718.074
225.257,227.205,474.634
224.997,230.338,599.594
224.737,233.47,724.555
223.218,352.149,471.498
222.958,355.282,596.458
222.698,358.414,721.419
221.179,477.093,468.362
220.919,480.226,593.322
220.659,483.358,718.283
350.24,229.25,474.843
349.98,232.382,599.803
349.72,235.514,724.764
348.201,354.194,471.707
347.941,357.326,596.667
347.681,360.458,721.628
346.162,479.138,468.571
345.902,482.27,593.531
345.642,485.402,718.492
99.4803,223.417,601.789
100.721,226.847,726.736
101.962,230.276,851.683
99.0718,348.37,598.364
100.313,351.799,723.311
101.554,355.228,848.258
98.6632,473.322,594.939
99.9041,476.751,719.885
101.145,480.181,844.832
224.474,223.792,600.538
225.714,227.221,725.485
226.955,230.65,850.431
224.065,348.744,597.112
225.306,352.173,722.059
226.547,355.603,847.006
223.656,473.696,593.687
224.897,477.126,718.634
226.138,480.555,843.581
349.467,224.166,599.286
350.708,227.595,724.233
351.948,231.025,849.18
349.058,349.118,595.861
350.299,352.548,720.808
351.54,355.977,845.754
348.65,474.071,592.435
349.89,477.5,717.382
351.131,480.929,842.329
101.496,351.787,99.8976
100.495,351.912,224.894
99.4939,352.037,349.889
99.8054,476.776,99.7592
98.8043,476.901,224.755
97.8033,477.026,349.751
98.1148,601.764,99.6207
97.1138,601.889,224.617
96.1127,602.014,349.613
226.481,353.479,100.897
225.479,353.604,225.893
224.478,353.729,350.889
224.79,478.467,100.758
223.789,478.592,225.754
222.788,478.717,350.75
223.099,603.456,100.62
222.098,603.581,225.616
221.097,603.706,350.612
351.465,355.171,101.896
350.464,355.295,226.892
349.463,355.42,351.888
349.775,480.159,101.758
348.773,480.284,226.754
347.772,480.409,351.75
348.084,605.148,101.619
347.083,605.272,226.615
346.082,605.397,351.611
99.5431,349.106,225.028
95.8581,351.837,349.944
92.1731,354.568,474.859
100.636,474.072,222.328
96.9515,476.803,347.243
93.2664,479.534,472.159
101.73,599.038,219.627
98.0448,601.769,344.543
94.3598,604.501,469.459
224.484,348.093,228.736
220.799,350.824,353.652
217.114,353.555,478.567
225.577,473.059,226.036
221.892,475.79,350.951
218.207,478.521,475.867
226.671,598.025,223.335
222.986,600.756,348.251
219.301,603.487,473.167
349.425,347.079,232.444
345.74,349.811,357.36
342.055,352.542,482.275
350.518,472.046,229.743
346.833,474.777,354.659
343.148,477.508,479.575
351.612,597.012,227.043
347.927,599.743,351.959
344.242,602.474,476.875
99.2578,348.399,351.688
100.318,352.004,476.632
101.378,355.609,601.575
100.241,473.343,348.075
101.301,476.948,473.019
102.361,480.553,597.962
101.224,598.287,344.462
102.284,601.892,469.405
103.344,605.497,594.349
224.249,347.386,350.657
225.309,350.991,475.601
226.369,354.596,600.544
225.232,472.33,347.044
226.292,475.935,471.987
227.352,479.54,596.931
226.215,597.274,343.431
227.275,600.879,468.374
228.335,604.484,593.318
349.241,346.373,349.626
350.301,349.978,474.57
351.361,353.583,599.513
350.224,471.317,346.013
351.284,474.922,470.956
352.344,478.527,595.9
351.207,596.261,342.399
352.267,599.866,467.343
353.327,603.471,592.286
98.0831,350.064,476.448
100.248,353.709,601.376
102.412,357.353,726.304
101.69,474.957,472.742
103.855,478.602,597.67
106.019,482.246,722.598
105.297,599.85,469.036
107.462,603.495,593.964
109.626,607.139,718.892
223.012,346.395,474.39
225.177,350.039,599.318
227.341,353.684,724.247
226.619,471.288,470.684
228.784,474.932,595.612
230.949,478.577,720.541
230.226,596.181,466.978
232.391,599.825,591.907
234.556,603.47,716.835
347.941,342.726,472.333
350.106,346.37,597.261
352.271,350.015,722.189
351.549,467.619,468.627
353.713,471.263,593.555
355.878,474.908,718.483
355.156,592.512,464.921
357.32,596.156,589.849
359.485,599.801,714.777
100.546,348.822,601.773
104.142,348.807,726.721
107.738,348.792,851.669
101.205,473.82,601.769
104.801,473.805,726.717
108.397,473.79,851.665
101.863,598.818,601.765
105.459,598.803,726.713
109.055,598.789,851.661
225.493,348.163,598.177
229.089,348.149,723.125
232.685,348.134,848.073
226.151,473.162,598.173
229.747,473.147,723.121
233.343,473.132,848.069
226.809,598.16,598.168
230.405,598.145,723.117
234.001,598.131,848.065
350.439,347.505,594.581
354.035,347.491,719.529
357.632,347.476,844.477
351.098,472.504,594.577
354.694,472.489,719.525
358.29,472.474,844.473
351.756,597.502,594.572
355.352,597.487,719.521
358.948,597.472,844.469
99.6952,475.892,99.8173
98.3689,478.386,224.785
97.0426,480.881,349.753
97.1655,600.84,97.2959
95.8391,603.335,222.264
94.5128,605.83,347.232
94.6357,725.789,94.7745
93.3094,728.284,219.743
91.9831,730.779,344.711
224.663,478.447,101.093
223.336,480.942,226.061
222.01,483.437,351.029
222.133,603.396,98.5712
220.806,605.891,223.539
219.48,608.386,348.507
219.603,728.345,96.0498
218.277,730.84,221.018
216.95,733.335,345.986
349.63,481.003,102.368
348.304,483.498,227.336
346.977,485.993,352.304
347.1,605.952,99.8465
345.774,608.447,224.815
344.448,610.942,349.783
344.57,730.901,97.3251
343.244,733.396,222.293
341.918,735.891,347.261
99.6184,476.642,224.211
103.174,478.575,349.146
106.729,480.509,474.08
97.876,601.616,222.327
101.431,603.549,347.261
104.987,605.482,472.196
96.1336,726.589,220.442
99.689,728.523,345.377
103.244,730.456,470.311
224.556,478.33,220.63
228.111,480.263,345.564
231.666,482.197,470.498
222.813,603.303,218.745
226.369,605.237,343.679
229.924,607.17,468.614
221.071,728.277,216.861
224.626,730.21,341.795
228.182,732.144,466.729
349.493,480.018,217.048
353.048,481.951,341.982
356.604,483.885,466.917
347.751,604.991,215.163
351.306,606.925,340.098
354.861,608.858,465.032
346.008,729.965,213.279
349.564,731.898,338.213
353.119,733.832,463.148
98.9276,474.157,350.958
96.4082,472.386,475.92
93.8888,470.615,600.882
96.3477,599.119,352.677
93.8283,597.348,477.64
91.3088,595.576,602.602
93.7677,724.081,354.397
91.2483,722.309,479.359
88.7289,720.538,604.321
223.876,476.702,353.513
221.356,474.931,478.475
218.837,473.159,603.437
221.296,601.664,355.233
218.776,599.892,480.195
216.257,598.121,605.157
218.716,726.625,356.952
216.196,724.854,481.914
213.677,723.082,606.876
348.824,479.246,356.069
346.304,477.475,481.031
343.785,475.704,605.993
346.244,604.208,357.788
343.724,602.437,482.75
341.205,600.665,607.712
343.664,729.17,359.507
341.144,727.398,484.469
338.625,725.627,609.431
98.0819,476.862,475.448
101.171,479.106,600.39
104.26,481.35,725.332
100.232,601.823,473.151
103.321,604.067,598.092
106.41,606.311,723.034
102.382,726.783,470.853
105.471,729.027,595.795
108.56,731.271,720.737
223.025,474.657,472.399
226.114,476.901,597.34
229.204,479.145,722.282
225.175,599.617,470.101
228.264,601.861,595.043
231.354,604.105,719.984
227.325,724.577,467.804
230.414,726.821,592.745
233.503,729.066,717.687
347.969,472.451,469.349
351.058,474.695,594.291
354.147,476.939,719.232
350.118,597.411,467.051
353.208,599.655,591.993
356.297,601.9,716.935
352.268,722.372,464.754
355.358,724.616,589.696
358.447,726.86,714.637
98.0871,474.265,601.784
99.2125,470.733,726.729
100.338,467.201,851.674
96.6472,599.207,605.329
97.7726,595.674,730.274
98.8981,592.142,855.219
95.2073,724.148,608.875
96.3327,720.616,733.82
97.4582,717.083,858.765
223.074,475.737,600.7
224.199,472.204,725.645
225.325,468.672,850.59
221.634,600.678,604.245
222.759,597.146,729.19
223.885,593.613,854.135
220.194,725.619,607.79
221.319,722.087,732.735
222.445,718.555,857.68
348.06,477.208,599.616
349.186,473.675,724.561
350.311,470.143,849.506
346.62,602.149,603.161
347.746,598.617,728.106
348.871,595.084,853.051
345.181,727.091,606.706
346.306,723.558,731.651
347.431,720.026,856.596
100.75,598.266,98.1556
101.648,598.819,223.151
102.546,599.371,348.147
97.3691,723.219,97.6272
98.2668,723.772,222.623
99.1645,724.325,347.618
93.988,848.172,97.0989
94.8857,848.725,222.094
95.7834,849.278,347.09
225.701,601.643,97.2433
226.599,602.196,222.239
227.497,602.749,347.234
222.32,726.596,96.7149
223.218,727.149,221.71
224.116,727.702,346.706
218.939,851.549,96.1865
219.837,852.102,221.182
220.734,852.655,346.178
350.652,605.02,96.3309
351.55,605.573,221.326
352.448,606.126,346.322
347.271,729.973,95.8026
348.169,730.526,220.798
349.067,731.079,345.794
343.89,854.926,95.2742
344.788,855.479,220.27
345.686,856.032,345.265
101.718,601.575,226.859
103.738,599.539,351.826
105.759,597.503,476.793
100.916,726.556,228.908
102.937,724.52,353.875
104.957,722.484,478.843
100.115,851.536,230.957
102.135,849.5,355.925
104.156,847.464,480.892
226.699,602.409,224.852
228.719,600.374,349.819
230.74,598.338,474.786
225.897,727.39,226.901
227.918,725.354,351.868
229.938,723.318,476.836
225.096,852.371,228.95
227.116,850.335,353.918
229.137,848.299,478.885
351.68,603.244,222.845
353.7,601.208,347.812
355.721,599.172,472.779
350.879,728.224,224.894
352.899,726.188,349.861
354.919,724.153,474.828
350.077,853.205,226.943
352.098,851.169,351.911
354.118,849.133,476.878
98.2509,599.613,349.324
96.7955,596.135,474.267
95.34,592.658,599.21
98.4896,724.564,352.805
97.0342,721.087,477.748
95.5787,717.609,602.691
98.7284,849.516,356.285
97.2729,846.038,481.228
95.8174,842.56,606.171
223.242,599.334,350.772
221.787,595.856,475.715
220.331,592.379,600.659
223.481,724.285,354.253
222.025,720.808,479.196
220.57,717.33,604.139
223.72,849.237,357.733
222.264,845.759,482.677
220.809,842.281,607.62
348.234,599.055,352.22
346.778,595.577,477.164
345.323,592.1,602.107
348.472,724.006,355.701
347.017,720.528,480.644
345.561,717.051,605.587
348.711,848.957,359.182
347.255,845.48,484.125
345.8,842.002,609.068
99.3271,598.25,473.158
100.997,601.459,598.106
102.667,604.669,723.054
95.8371,723.161,469.996
97.5069,726.37,594.944
99.1767,729.58,719.892
92.347,848.072,466.834
94.0168,851.282,591.782
95.6867,854.491,716.73
224.267,601.696,471.4
225.937,604.905,596.348
227.607,608.115,721.295
220.777,726.607,468.238
222.447,729.817,593.186
224.117,733.026,718.133
217.287,851.518,465.076
218.957,854.728,590.024
220.627,857.938,714.971
349.207,605.142,469.642
350.877,608.352,594.59
352.547,611.561,719.537
345.717,730.053,466.48
347.387,733.263,591.428
349.057,736.473,716.375
342.227,854.965,463.318
343.897,858.174,588.266
345.567,861.384,713.213
98.2922,600.213,600.835
101.239,602.463,725.78
104.185,604.713,850.725
99.241,725.189,598.562
102.188,727.439,723.507
105.134,729.689,848.452
100.19,850.164,596.289
103.136,852.415,721.234
106.083,854.665,846.179
223.254,599.211,597.906
226.2,601.461,722.851
229.147,603.711,847.796
224.203,724.187,595.633
227.149,726.437,720.578
230.096,728.687,845.523
225.152,849.162,593.36
228.098,851.413,718.305
231.045,853.663,843.25
348.216,598.209,594.977
351.162,600.459,719.922
354.109,602.709,844.867
349.164,723.185,592.704
352.111,725.435,717.649
355.057,727.685,842.594
350.113,848.16,590.431
353.06,850.411,715.376
356.006,852.661,840.321
224.991,100.778,101.779
227.516,98.4181,226.731
230.042,96.0582,351.684
223.061,225.74,104.178
225.586,223.38,229.131
228.111,221.02,354.083
221.13,350.702,106.577
223.655,348.342,231.53
226.181,345.982,356.482
349.951,102.756,99.2912
352.476,100.396,224.243
355.001,98.0365,349.196
348.02,227.718,101.69
350.545,225.358,226.642
353.071,222.999,351.595
346.09,352.68,104.089
348.615,350.321,229.042
351.14,347.961,353.994
474.91,104.735,96.8031
477.436,102.375,221.755
479.961,100.015,346.707
472.98,229.697,99.2022
475.505,227.337,224.154
478.03,224.977,349.107
471.049,354.659,101.601
473.574,352.299,226.554
476.1,349.939,351.506
223.429,100.381,225.441
222.666,99.7943,350.437
221.903,99.2079,475.433
222.971,225.378,226.024
222.208,224.792,351.021
221.445,224.206,476.017
222.513,350.376,226.608
221.75,349.79,351.604
220.987,349.203,476.6
348.426,100.835,226.206
347.663,100.249,351.202
346.9,99.6623,476.198
347.968,225.833,226.789
347.205,225.246,351.786
346.442,224.66,476.782
347.51,350.831,227.373
346.747,350.244,352.369
345.984,349.658,477.365
473.422,101.289,226.971
472.66,100.703,351.967
471.897,100.117,476.963
472.964,226.287,227.554
472.202,225.701,352.55
471.439,225.114,477.547
472.506,351.285,228.138
471.744,350.699,353.134
470.981,350.112,478.13
223.347,98.7021,348.348
221.792,100.5,473.326
220.237,102.297,598.303
226.262,223.656,346.587
224.707,225.453,471.565
223.153,227.251,596.542
229.178,348.609,344.827
227.623,350.407,469.804
226.068,352.204,594.781
348.304,95.8094,349.945
346.749,97.607,474.922
345.194,99.4045,599.899
351.219,220.763,348.184
349.664,222.561,473.161
348.109,224.358,598.139
354.134,345.717,346.423
352.579,347.514,471.4
351.024,349.312,596.378
473.26,92.9167,351.541
471.705,94.7142,476.518
470.15,96.5118,601.496
476.175,217.87,349.78
474.62,219.668,474.757
473.065,221.465,599.735
479.09,342.824,348.019
477.535,344.621,472.996
475.98,346.419,597.974
224.523,99.6253,473.878
223.796,100.135,598.875
223.069,100.645,723.872
224.198,224.624,473.367
223.471,225.134,598.363
222.744,225.643,723.36
223.873,349.622,472.855
223.146,350.132,597.852
222.419,350.642,722.849
349.521,99.9535,474.604
348.794,100.463,599.601
348.067,100.973,724.598
349.196,224.952,474.092
348.469,225.462,599.089
347.741,225.972,724.086
348.87,349.951,473.581
348.143,350.46,598.577
347.416,350.97,723.574
474.518,100.282,475.33
473.791,100.792,600.327
473.064,101.301,725.323
474.193,225.28,474.818
473.466,225.79,599.815
472.739,226.3,724.812
473.868,350.279,474.306
473.141,350.789,599.303
472.414,351.298,724.3
223.403,99.9402,600.907
223.988,98.0224,725.891
224.573,96.1045,850.875
220.772,224.898,602.837
221.357,222.98,727.821
221.942,221.062,852.805
218.141,349.855,604.767
218.726,347.937,729.751
219.311,346.019,854.734
348.374,102.58,600.363
348.959,100.662,725.347
349.544,98.7441,850.331
345.743,227.537,602.293
346.328,225.619,727.277
346.913,223.702,852.26
343.112,352.495,604.222
343.697,350.577,729.206
344.282,348.659,854.19
473.345,105.219,599.819
473.93,103.302,724.802
474.515,101.384,849.786
470.714,230.177,601.748
471.299,228.259,726.732
471.884,226.341,851.716
468.083,355.134,603.678
468.668,353.216,728.662
469.253,351.299,853.646
224.445,224.351,101.447
224.43,226.239,226.433
224.415,228.126,351.419
222.181,349.316,99.5598
222.166,351.204,224.546
222.151,353.091,349.531
219.917,474.282,97.6723
219.902,476.169,222.658
219.887,478.057,347.644
349.424,226.615,101.428
349.409,228.502,226.414
349.394,230.39,351.4
347.16,351.58,99.5406
347.145,353.468,224.526
347.13,355.355,349.512
344.897,476.545,97.6531
344.882,478.433,222.639
344.867,480.32,347.625
474.404,228.879,101.409
474.389,230.766,226.395
474.374,232.654,351.38
472.14,353.844,99.5213
472.125,355.731,224.507
472.11,357.619,349.493
469.876,478.809,97.6339
469.861,480.697,222.62
469.846,482.584,347.605
225.215,224.326,224.688
225.447,225.674,349.681
225.678,227.021,474.674
226.616,349.311,223.339
226.848,350.659,348.331
227.079,352.006,473.324
228.018,474.296,221.989
228.249,475.643,346.981
228.48,476.991,471.974
350.207,222.923,224.472
350.439,224.27,349.465
350.67,225.617,474.457
351.608,347.908,223.122
351.84,349.255,348.115
352.071,350.602,473.107
353.01,472.892,221.773
353.241,474.24,346.765
353.472,475.587,471.758
475.199,221.519,224.256
475.43,222.866,349.249
475.662,224.214,474.241
476.6,346.504,222.906
476.832,347.851,347.899
477.063,349.199,472.891
478.002,471.489,221.556
478.233,472.836,346.549
478.464,474.184,471.541
226.167,225.581,350.356
224.416,224.135,475.335
222.664,222.69,600.315
227.3,350.567,351.817
225.549,349.122,476.797
223.797,347.676,601.776
228.433,475.553,353.279
226.682,474.108,478.258
224.931,472.662,603.238
351.15,224.427,352.094
349.398,222.982,477.073
347.647,221.536,602.053
352.283,349.414,353.555
350.531,347.968,478.535
348.78,346.523,603.514
353.416,474.4,355.017
351.664,472.954,479.996
349.913,471.509,604.976
476.132,223.274,353.832
474.381,221.828,478.811
472.629,220.383,603.791
477.265,348.26,355.293
475.514,346.815,480.273
473.763,345.369,605.252
478.398,473.247,356.755
476.647,471.801,481.734
474.896,470.355,606.714
223.889,226.182,474.496
225.174,222.964,599.448
226.46,219.745,724.399
221.835,351.123,477.735
223.121,347.905,602.687
224.406,344.687,727.639
219.781,476.064,480.974
221.067,472.846,605.926
222.353,469.628,730.878
348.865,228.268,473.263
350.151,225.05,598.215
351.436,221.832,723.167
346.812,353.209,476.503
348.097,349.991,601.455
349.383,346.773,726.407
344.758,478.151,479.742
346.044,474.932,604.694
347.329,471.714,729.646
473.842,230.355,472.031
475.127,227.136,596.983
476.413,223.918,721.935
471.788,355.296,475.271
473.074,352.077,600.223
474.359,348.859,725.174
469.734,480.237,478.51
471.02,477.018,603.462
472.306,473.8,728.414
225.061,226.543,600.988
225.811,229.392,725.953
226.561,232.24,850.919
223.53,351.501,598.149
224.28,354.35,723.114
225.03,357.199,848.079
222,476.46,595.309
222.75,479.308,720.274
223.5,482.157,845.24
350.049,228.056,600.203
350.799,230.905,725.169
351.549,233.754,850.134
348.519,353.014,597.364
349.269,355.863,722.329
350.019,358.712,847.294
346.988,477.973,594.524
347.738,480.822,719.49
348.488,483.67,844.455
475.038,229.569,599.419
475.788,232.418,724.384
476.538,235.267,849.349
473.507,354.528,596.579
474.257,357.376,721.544
475.007,360.225,846.51
471.976,479.486,593.74
472.726,482.335,718.705
473.476,485.184,843.67
225.195,351.186,98.3691
226.626,352.281,223.356
228.056,353.376,348.343
225.914,476.179,97.2657
227.344,477.274,222.253
228.775,478.369,347.24
226.632,601.172,96.1624
228.063,602.267,221.149
229.493,603.363,346.136
350.185,350.455,96.9451
351.616,351.55,221.932
353.046,352.645,346.919
350.904,475.448,95.8417
352.334,476.543,220.829
353.764,477.638,345.816
351.622,600.441,94.7383
353.052,601.536,219.725
354.483,602.632,344.712
475.175,349.724,95.5211
476.605,350.819,220.508
478.036,351.914,345.495
475.893,474.717,94.4177
477.324,475.812,219.405
478.754,476.907,344.392
476.612,599.71,93.3143
478.042,600.805,218.301
479.473,601.9,343.288
225.171,351.574,223.161
225.151,350.103,348.153
225.131,348.632,473.144
228.264,476.527,224.632
228.244,475.056,349.624
228.224,473.585,474.615
231.358,601.48,226.103
231.338,600.009,351.095
231.318,598.538,476.086
350.133,348.48,223.145
350.113,347.009,348.136
350.093,345.538,473.128
353.226,473.433,224.616
353.206,471.962,349.607
353.186,470.491,474.599
356.32,598.386,226.087
356.3,596.915,351.078
356.28,595.444,476.069
475.094,345.387,223.128
475.074,343.916,348.12
475.054,342.445,473.111
478.188,470.34,224.599
478.168,468.869,349.591
478.148,467.398,474.582
481.281,595.293,226.07
481.261,593.822,351.062
481.241,592.351,476.053
226.074,351.571,349.567
229.416,354.555,474.486
232.757,357.538,599.406
228.088,476.518,346.529
231.429,479.501,471.449
234.77,482.485,596.368
230.101,601.465,343.491
233.442,604.448,468.411
236.783,607.432,593.33
351.014,349.478,346.275
354.355,352.461,471.195
357.696,355.445,596.114
353.027,474.425,343.237
356.368,477.408,468.157
359.709,480.391,593.077
355.04,599.372,340.199
358.381,602.355,465.119
361.723,605.338,590.039
475.953,347.385,342.983
479.294,350.368,467.903
482.635,353.351,592.823
477.966,472.332,339.945
481.307,475.315,464.865
484.648,478.298,589.785
479.979,597.278,336.908
483.321,600.262,461.827
486.662,603.245,586.747
226.177,350.429,473.13
229.242,348.125,598.071
232.307,345.821,723.012
226.219,475.408,475.434
229.284,473.104,600.375
232.349,470.8,725.316
226.261,600.387,477.738
229.326,598.083,602.679
232.391,595.778,727.62
351.14,350.444,470.065
354.205,348.14,595.006
357.27,345.836,719.947
351.182,475.423,472.369
354.246,473.119,597.31
357.311,470.814,722.251
351.223,600.402,474.673
354.288,598.098,599.614
357.353,595.793,724.555
476.102,350.459,467
479.167,348.155,591.941
482.232,345.851,716.882
476.144,475.438,469.303
479.209,473.134,594.245
482.274,470.829,719.186
476.186,600.417,471.607
479.251,598.112,596.549
482.315,595.808,721.49
223.852,348.936,601.222
222.464,351.997,726.176
221.076,355.057,851.131
221.249,473.871,598.132
219.861,476.931,723.087
218.473,479.992,848.042
218.646,598.805,595.043
217.257,601.866,719.998
215.869,604.927,844.953
348.817,351.572,602.545
347.429,354.633,727.5
346.041,357.694,852.455
346.214,476.507,599.456
344.826,479.568,724.411
343.438,482.628,849.366
343.611,601.442,596.367
342.223,604.503,721.322
340.834,607.563,846.277
473.782,354.209,603.869
472.394,357.27,728.824
471.006,360.33,853.778
471.179,479.144,600.78
469.791,482.204,725.735
468.403,485.265,850.689
468.576,604.078,597.691
467.188,607.139,722.645
465.8,610.2,847.6
226.108,475.788,101.184
224.019,472.739,226.13
221.93,469.69,351.075
223.542,600.725,104.19
221.452,597.676,229.135
219.363,594.627,354.081
220.975,725.663,107.196
218.886,722.614,232.141
216.797,719.565,357.087
351.064,478.303,103.335
348.975,475.254,228.28
346.886,472.205,353.226
348.498,603.24,106.341
346.409,600.191,231.286
344.319,597.142,356.232
345.931,728.178,109.347
343.842,725.129,234.292
341.753,722.08,359.238
476.021,480.818,105.486
473.931,477.769,230.431
471.842,474.72,355.377
473.454,605.756,108.492
471.365,602.707,233.437
469.275,599.658,358.382
470.888,730.693,111.498
468.798,727.644,236.443
466.709,724.595,361.388
225.66,473.104,226.276
224.038,474.239,351.26
222.416,475.374,476.244
224.815,598.096,225.129
223.193,599.231,350.114
221.571,600.366,475.098
223.97,723.087,223.983
222.348,724.223,348.967
220.726,725.358,473.952
350.647,473.964,227.89
349.025,475.099,352.874
347.402,476.234,477.859
349.802,598.955,226.744
348.179,600.091,351.728
346.557,601.226,476.712
348.957,723.947,225.597
347.334,725.083,350.582
345.712,726.218,475.566
475.633,474.823,229.505
474.011,475.959,354.489
472.389,477.094,479.473
474.788,599.815,228.358
473.166,600.951,353.342
471.544,602.086,478.327
473.943,724.807,227.212
472.321,725.943,352.196
470.699,727.078,477.18
226.311,473.38,349.625
229.975,476.181,474.54
233.639,478.982,599.455
227.43,598.343,346.79
231.094,601.144,471.705
234.758,603.945,596.62
228.549,723.306,343.955
232.213,726.107,468.87
235.877,728.908,593.785
351.252,472.179,345.988
354.916,474.98,470.903
358.58,477.781,595.817
352.371,597.141,343.153
356.035,599.942,468.068
359.699,602.743,592.982
353.491,722.104,340.318
357.154,724.905,465.233
360.818,727.706,590.148
476.194,470.977,342.35
479.858,473.778,467.265
483.521,476.579,592.18
477.313,595.94,339.515
480.977,598.741,464.43
484.64,601.542,589.345
478.432,720.903,336.68
482.096,723.704,461.595
485.76,726.505,586.51
225.497,476.096,476.997
223.55,476.956,601.978
221.603,477.817,726.96
225.857,601.092,476.142
223.91,601.953,601.124
221.963,602.813,726.105
226.218,726.089,475.287
224.271,726.949,600.269
222.324,727.81,725.25
350.481,475.749,478.946
348.534,476.609,603.928
346.587,477.47,728.91
350.842,600.745,478.091
348.895,601.606,603.073
346.948,602.466,728.055
351.202,725.742,477.236
349.255,726.602,602.218
347.308,727.463,727.2
475.466,475.402,480.895
473.519,476.262,605.877
471.572,477.123,730.859
475.826,600.399,480.041
473.879,601.259,605.022
471.932,602.119,730.004
476.186,725.395,479.186
474.239,726.255,604.167
472.292,727.116,729.149
223.871,476.941,598.099
224.507,473.551,723.051
225.144,470.16,848.004
224.172,601.895,601.488
224.809,598.505,726.44
225.445,595.114,851.393
224.474,726.849,604.877
225.11,723.458,729.829
225.746,720.068,854.782
348.869,476.657,597.455
349.505,473.267,722.407
350.142,469.876,847.359
349.17,601.611,600.844
349.807,598.221,725.796
350.443,594.83,850.748
349.472,726.565,604.233
350.108,723.174,729.185
350.744,719.784,854.137
473.867,476.373,596.81
474.503,472.983,721.763
475.14,469.592,846.715
474.168,601.327,600.199
474.805,597.937,725.152
475.441,594.546,850.104
474.47,726.281,603.588
475.106,722.89,728.541
475.742,719.5,853.493
225.762,598.589,101.923
225.369,595.612,226.886
224.977,592.635,351.85
222.345,723.508,104.888
221.953,720.53,229.852
221.56,717.553,354.816
218.928,848.426,107.853
218.536,845.448,232.817
218.143,842.471,357.781
350.715,601.996,102.396
350.322,599.019,227.36
349.929,596.042,352.324
347.298,726.914,105.362
346.905,723.937,230.326
346.513,720.96,355.29
343.881,851.832,108.327
343.488,848.855,233.291
343.096,845.878,358.255
475.667,605.403,102.87
475.275,602.425,227.834
474.882,599.448,352.798
472.251,730.321,105.835
471.858,727.343,230.799
471.465,724.366,355.763
468.834,855.239,108.801
468.441,852.262,233.765
468.048,849.284,358.729
224.862,601.256,225.748
222.251,602.122,350.718
219.641,602.988,475.688
228.046,726.213,224.949
225.435,727.079,349.919
222.824,727.945,474.888
231.229,851.169,224.149
228.618,852.035,349.119
226.008,852.901,474.089
349.795,598.09,228.38
347.184,598.956,353.35
344.573,599.822,478.32
352.978,723.047,227.581
350.367,723.913,352.551
347.756,724.778,477.52
356.162,848.003,226.782
353.551,848.869,351.751
350.94,849.735,476.721
474.727,594.924,231.012
472.116,595.79,355.982
469.505,596.656,480.952
477.91,719.881,230.213
475.299,720.746,355.183
472.688,721.612,480.152
481.094,844.837,229.414
478.483,845.703,354.383
475.872,846.569,479.353
225.272,598.896,351.363
223.251,601.806,476.313
221.231,604.716,601.263
226.561,723.856,348.474
224.54,726.766,473.424
222.519,729.676,598.374
227.849,848.816,345.585
225.828,851.726,470.535
223.808,854.636,595.484
350.249,597.654,353.413
348.228,600.564,478.363
346.208,603.474,603.313
351.538,722.614,350.524
349.517,725.524,475.474
347.496,728.434,600.424
352.826,847.574,347.635
350.805,850.484,472.585
348.785,853.394,597.534
475.226,596.413,355.463
473.205,599.323,480.413
471.185,602.233,605.363
476.515,721.373,352.574
474.494,724.283,477.524
472.473,727.193,602.474
477.803,846.333,349.685
475.783,849.243,474.635
473.762,852.153,599.584
224.741,598.704,474.317
226.361,595.852,599.274
227.982,593,724.231
221.559,723.63,477.21
223.179,720.778,602.167
224.8,717.926,727.124
218.377,848.556,480.102
219.997,845.704,605.059
221.618,842.852,730.016
349.69,601.923,472.77
351.31,599.07,597.727
352.931,596.218,722.684
346.508,726.849,475.663
348.128,723.996,600.62
349.749,721.144,725.577
343.326,851.775,478.556
344.946,848.922,603.512
346.567,846.07,728.469
474.639,605.141,471.223
476.259,602.289,596.18
477.88,599.437,721.137
471.457,730.067,474.116
473.077,727.215,599.073
474.698,724.363,724.03
468.275,854.993,477.009
469.895,852.141,601.966
471.516,849.289,726.923
223.827,601.347,599.563
220.952,602.191,724.527
218.077,603.036,849.491
222.258,726.334,598.682
219.382,727.179,723.646
216.507,728.023,848.61
220.688,851.321,597.802
217.812,852.166,722.766
214.937,853.01,847.73
348.784,602.937,602.427
345.909,603.781,727.392
343.034,604.626,852.356
347.215,727.924,601.547
344.339,728.768,726.511
341.464,729.613,851.475
345.645,852.911,600.666
342.769,853.755,725.63
339.894,854.6,850.594
473.742,604.526,605.292
470.866,605.371,730.256
467.991,606.215,855.22
472.172,729.513,604.411
469.296,730.358,729.375
466.421,731.202,854.339
470.602,854.5,603.53
467.727,855.345,728.495
464.851,856.189,853.459
350.869,98.7069,101.264
354.014,96.5746,226.207
357.16,94.4422,351.149
352.338,223.681,103.36
355.483,221.548,228.303
358.629,219.416,353.245
353.807,348.655,105.456
356.952,346.522,230.398
360.098,344.39,355.341
475.821,97.2915,98.0945
478.966,95.1591,223.037
482.112,93.0268,347.979
477.29,222.265,100.19
480.435,220.133,225.133
483.581,218.001,350.075
478.759,347.239,102.286
481.904,345.107,227.229
485.05,342.974,352.171
600.773,95.876,94.9246
603.918,93.7436,219.867
607.064,91.6113,344.809
602.241,220.85,97.0205
605.387,218.717,221.963
608.532,216.585,346.905
603.71,345.824,99.1165
606.856,343.691,224.059
610.001,341.559,349.001
350.522,98.219,224.165
347.28,96.3798,349.11
344.038,94.5405,474.054
350.852,223.205,226.014
347.609,221.366,350.958
344.367,219.526,475.903
351.181,348.191,227.862
347.939,346.352,352.807
344.696,344.512,477.751
475.48,97.842,227.402
472.238,96.0027,352.347
468.995,94.1634,477.291
475.809,222.828,229.251
472.567,220.989,354.195
469.325,219.149,479.14
476.138,347.814,231.099
472.896,345.974,356.044
469.654,344.135,480.988
600.437,97.4649,230.639
597.195,95.6256,355.584
593.953,93.7864,480.528
600.767,222.451,232.488
597.524,220.612,357.432
594.282,218.772,482.377
601.096,347.437,234.336
597.854,345.597,359.281
594.611,343.758,484.225
350.929,99.9102,350.673
353.413,96.4307,475.6
355.896,92.9512,600.527
347.714,224.819,354.216
350.197,221.339,479.143
352.68,217.86,604.07
344.498,349.727,357.759
346.981,346.248,482.686
349.465,342.768,607.613
475.863,103.194,348.281
478.347,99.7149,473.208
480.83,96.2354,598.135
472.648,228.103,351.824
475.131,224.623,476.751
477.614,221.144,601.678
469.432,353.011,355.367
471.915,349.532,480.294
474.399,346.052,605.221
600.797,106.479,345.889
603.281,102.999,470.816
605.764,99.5196,595.743
597.582,231.387,349.432
600.065,227.908,474.359
602.548,224.428,599.286
594.366,356.295,352.975
596.849,352.816,477.902
599.333,349.336,602.829
349.825,98.5329,476.886
350.542,96.5173,601.867
351.259,94.5017,726.849
346.856,223.481,478.918
347.573,221.465,603.899
348.29,219.45,728.881
343.887,348.429,480.95
344.604,346.414,605.932
345.321,344.398,730.913
474.788,101.513,476.217
475.505,99.4976,601.198
476.222,97.482,726.18
471.819,226.461,478.249
472.536,224.446,603.23
473.253,222.43,728.212
468.849,351.41,480.281
469.567,349.394,605.262
470.284,347.378,730.244
599.75,104.493,475.548
600.468,102.478,600.529
601.185,100.462,725.511
596.781,229.442,477.58
597.498,227.426,602.561
598.216,225.41,727.543
593.812,354.39,479.612
594.529,352.374,604.593
595.247,350.359,729.575
349.473,101.654,598.175
346.133,100.937,723.128
342.794,100.219,848.082
346.832,226.625,598.822
343.492,225.907,723.775
340.153,225.189,848.729
344.19,351.595,599.469
340.851,350.877,724.423
337.511,350.16,849.376
474.4,104.277,601.529
471.061,103.56,726.482
467.722,102.842,851.436
471.759,229.248,602.176
468.42,228.53,727.129
465.08,227.812,852.083
469.118,354.218,602.823
465.778,353.5,727.776
462.439,352.783,852.73
599.328,106.9,604.883
595.988,106.183,729.836
592.649,105.465,854.789
596.687,231.871,605.53
593.347,231.153,730.483
590.008,230.436,855.436
594.045,356.841,606.177
590.706,356.124,731.13
587.366,355.406,856.083
348.027,223.255,98.5851
347.976,222.832,223.584
347.924,222.409,348.584
350.069,348.238,99.0089
350.018,347.815,224.008
349.966,347.392,349.007
352.111,473.22,99.4328
352.059,472.797,224.432
352.008,472.374,349.431
473.01,221.213,98.6296
472.959,220.79,223.629
472.908,220.367,348.628
475.052,346.196,99.0534
475.001,345.773,224.053
474.949,345.349,349.052
477.094,471.178,99.4772
477.043,470.755,224.477
476.991,470.332,349.476
597.994,219.171,98.6741
597.942,218.748,223.673
597.891,218.325,348.673
600.036,344.153,99.0979
599.984,343.73,224.097
599.933,343.307,349.096
602.078,469.136,99.5217
602.026,468.713,224.521
601.975,468.29,349.52
351.512,223.846,225.514
350.809,226,350.493
350.106,228.155,475.473
350.78,348.825,223.355
350.077,350.98,348.335
349.374,353.134,473.314
350.048,473.804,221.197
349.345,475.959,346.176
348.642,478.113,471.155
476.508,224.59,226.204
475.805,226.744,351.184
475.101,228.899,476.163
475.776,349.569,224.046
475.073,351.723,349.025
474.37,353.878,474.005
475.044,474.548,221.887
474.341,476.703,346.866
473.638,478.857,471.846
601.504,225.333,226.895
600.801,227.488,351.874
600.097,229.643,476.854
600.772,350.313,224.736
600.069,352.467,349.716
599.366,354.622,474.695
600.04,475.292,222.578
599.337,477.446,347.557
598.634,479.601,472.536
351.086,223.087,349.583
349.381,225.011,474.557
347.676,226.935,599.53
353.257,348.054,347.689
351.553,349.978,472.663
349.848,351.902,597.636
355.429,473.021,345.795
353.724,474.945,470.768
352.02,476.868,595.742
476.055,220.942,351.321
474.35,222.866,476.294
472.646,224.79,601.268
478.227,345.909,349.426
476.522,347.832,474.4
474.818,349.756,599.374
480.398,470.875,347.532
478.694,472.799,472.506
476.989,474.723,597.479
601.025,218.796,353.058
599.32,220.72,478.032
597.615,222.644,603.005
603.196,343.763,351.164
601.492,345.687,476.138
599.787,347.611,601.111
605.368,468.73,349.27
603.663,470.654,474.243
601.959,472.578,599.217
350.095,225.54,476.175
350.385,226.652,601.17
350.676,227.764,726.164
349.968,350.535,475.063
350.259,351.647,600.058
350.549,352.759,725.053
349.841,475.53,473.952
350.132,476.642,598.946
350.422,477.754,723.941
475.095,225.664,475.883
475.385,226.776,600.878
475.675,227.888,725.873
474.968,350.659,474.772
475.258,351.771,599.767
475.548,352.883,724.761
474.841,475.654,473.66
475.131,476.766,598.655
475.422,477.878,723.65
600.094,225.789,475.592
600.385,226.901,600.587
600.675,228.013,725.581
599.967,350.784,474.48
600.258,351.896,599.475
600.548,353.008,724.47
599.841,475.779,473.369
600.131,476.891,598.363
600.421,478.003,723.358
351.172,226.663,598.96
352.784,229.226,723.924
354.396,231.789,848.887
353.701,351.61,596.365
355.313,354.173,721.328
356.925,356.737,846.291
356.23,476.558,593.769
357.842,479.121,718.732
359.453,481.684,843.696
476.136,224.101,597.401
477.748,226.665,722.364
479.36,229.228,847.328
478.665,349.049,594.805
480.277,351.612,719.769
481.889,354.175,844.732
481.194,473.996,592.21
482.806,476.56,717.173
484.417,479.123,842.136
601.1,221.54,595.842
602.712,224.103,720.805
604.324,226.667,845.768
603.629,346.487,593.246
605.241,349.051,718.209
606.853,351.614,843.173
606.158,471.435,590.65
607.77,473.998,715.614
609.381,476.562,840.577
348.93,348.736,100.619
345.729,347.482,225.572
342.528,346.228,350.525
348.192,473.728,101.855
344.991,472.474,226.807
341.79,471.22,351.76
347.454,598.72,103.09
344.253,597.466,228.043
341.052,596.212,352.996
473.887,349.443,103.827
470.686,348.188,228.78
467.485,346.934,353.733
473.149,474.434,105.063
469.948,473.18,230.016
466.747,471.926,354.968
472.411,599.426,106.299
469.21,598.172,231.251
466.009,596.918,356.204
598.844,350.149,107.036
595.643,348.895,231.989
592.441,347.64,356.941
598.106,475.14,108.271
594.905,473.886,233.224
591.703,472.632,358.177
597.368,600.132,109.507
594.167,598.878,234.46
590.965,597.624,359.412
349.511,350.903,226.849
351.747,350.398,351.828
353.983,349.893,476.807
352.512,475.866,227.301
354.748,475.361,352.28
356.984,474.856,477.258
355.513,600.829,227.752
357.749,600.324,352.731
359.985,599.819,477.71
474.455,347.91,224.602
476.691,347.405,349.581
478.927,346.9,474.56
477.456,472.873,225.053
479.692,472.368,350.032
481.928,471.863,475.011
480.457,597.836,225.504
482.693,597.331,350.483
484.929,596.827,475.462
599.399,344.917,222.355
601.635,344.412,347.334
603.871,343.907,472.313
602.4,469.88,222.806
604.636,469.375,347.785
606.872,468.871,472.764
605.401,594.843,223.257
607.637,594.339,348.236
609.873,593.834,473.215
348.799,350.838,348.416
350.07,353.271,473.386
351.34,355.704,598.356
352.434,475.76,345.947
353.704,478.193,470.917
354.975,480.627,595.886
356.068,600.683,343.478
357.339,603.116,468.447
358.609,605.549,593.417
473.74,347.179,347.217
475.011,349.612,472.187
476.281,352.045,597.157
477.375,472.102,344.748
478.645,474.535,469.718
479.916,476.968,594.687
481.009,597.024,342.279
482.28,599.458,467.248
483.55,601.891,592.218
598.681,343.52,346.018
599.951,345.953,470.988
601.222,348.387,595.958
602.315,468.443,343.549
603.586,470.876,468.519
604.856,473.309,593.488
605.95,593.366,341.08
607.22,595.799,466.049
608.491,598.232,591.019
350.262,351.354,474.077
346.914,348.495,598.999
343.567,345.637,723.922
351.397,476.316,476.967
348.05,473.457,601.889
344.702,470.598,726.812
352.532,601.277,479.857
349.185,598.418,604.779
345.837,595.559,729.702
475.212,350.142,477.397
471.864,347.283,602.32
468.517,344.425,727.242
476.347,475.104,480.287
473,472.245,605.21
469.652,469.386,730.132
477.482,600.065,483.177
474.135,597.206,608.1
470.787,594.348,733.022
600.162,348.93,480.718
596.814,346.071,605.64
593.467,343.213,730.563
601.297,473.892,483.608
597.95,471.033,608.53
594.602,468.174,733.453
602.432,598.853,486.498
599.085,595.994,611.42
595.737,593.136,736.343
348.713,351.106,601.557
349.17,349.354,726.543
349.628,347.602,851.53
346.625,476.077,603.316
347.082,474.324,728.303
347.539,472.572,853.29
344.537,601.047,605.076
344.994,599.295,730.063
345.451,597.542,855.05
473.695,353.201,601.129
474.152,351.449,726.116
474.609,349.696,851.102
471.607,478.171,602.888
472.064,476.419,727.875
472.521,474.666,852.862
469.518,603.141,604.648
469.976,601.389,729.635
470.433,599.637,854.622
598.677,355.295,600.701
599.134,353.543,725.688
599.591,351.791,850.675
596.588,480.265,602.46
597.046,478.513,727.447
597.503,476.761,852.434
594.5,605.236,604.22
594.957,603.483,729.207
595.415,601.731,854.194
350.807,474.401,98.8211
348.172,475.866,223.785
345.537,477.332,348.748
351.422,599.391,97.3683
348.786,600.856,222.332
346.151,602.322,347.296
352.036,724.381,95.9154
349.401,725.846,220.879
346.766,727.312,345.843
475.778,473.817,101.463
473.143,475.283,226.427
470.507,476.748,351.391
476.392,598.807,100.01
473.757,600.273,224.974
471.122,601.738,349.938
477.007,723.797,98.5575
474.372,725.263,223.521
471.736,726.728,348.485
600.749,473.233,104.105
598.113,474.699,229.069
595.478,476.164,354.033
601.363,598.223,102.653
598.728,599.689,227.616
596.093,601.154,352.58
601.977,723.213,101.2
599.342,724.679,226.163
596.707,726.145,351.127
348.119,476.332,225.312
351.755,477.324,350.255
355.391,478.316,475.198
348.951,601.325,224.295
352.587,602.317,349.238
356.223,603.309,474.182
349.782,726.318,223.279
353.418,727.31,348.222
357.054,728.302,473.165
473.063,475.472,221.682
476.699,476.463,346.626
480.335,477.455,471.569
473.895,600.465,220.666
477.531,601.456,345.609
481.167,602.448,470.552
474.726,725.458,219.65
478.362,726.449,344.593
481.998,727.441,469.536
598.008,474.611,218.053
601.644,475.603,342.996
605.28,476.594,467.94
598.839,599.604,217.037
602.475,600.596,341.98
606.111,601.588,466.923
599.671,724.597,216.021
603.307,725.589,340.964
606.943,726.581,465.907
348.939,475.955,349.934
352.077,474.348,474.884
355.215,472.741,599.834
347.928,600.94,351.566
351.066,599.333,476.517
354.204,597.727,601.467
346.917,725.925,353.199
350.055,724.318,478.149
353.193,722.712,603.099
473.895,477.006,346.809
477.033,475.399,471.76
480.171,473.793,596.71
472.884,601.991,348.442
476.022,600.385,473.392
479.16,598.778,598.342
471.874,726.976,350.074
475.012,725.37,475.024
478.15,723.763,599.975
598.852,478.057,343.685
601.99,476.451,468.635
605.128,474.844,593.585
597.841,603.043,345.317
600.979,601.436,470.267
604.117,599.829,595.218
596.83,728.028,346.95
599.968,726.421,471.9
603.106,724.815,596.85
348.835,473.09,475.602
351.332,473.597,600.576
353.828,474.104,725.551
349.597,598.087,475.08
352.094,598.594,600.055
354.59,599.1,725.029
350.359,723.084,474.559
352.856,723.59,599.533
355.353,724.097,724.507
473.807,472.318,473.109
476.304,472.825,598.083
478.801,473.331,723.057
474.57,597.315,472.587
477.066,597.821,597.561
479.563,598.328,722.535
475.332,722.311,472.065
477.829,722.818,597.039
480.325,723.324,722.013
598.78,471.546,470.615
601.277,472.052,595.589
603.774,472.559,720.563
599.542,596.542,470.093
602.039,597.049,595.067
604.536,597.555,720.041
600.304,721.539,469.571
602.801,722.045,594.545
605.298,722.552,719.519
349.342,473.284,601.781
350.337,472.955,726.776
351.333,472.625,851.772
350.157,598.281,602.104
351.153,597.951,727.099
352.149,597.622,852.095
350.973,723.278,602.427
351.968,722.948,727.422
352.964,722.619,852.418
474.335,472.471,600.783
475.331,472.142,725.778
476.327,471.812,850.774
475.15,597.468,601.106
476.146,597.139,726.101
477.142,596.809,851.097
475.966,722.465,601.429
476.962,722.136,726.424
477.958,721.806,851.42
599.328,471.658,599.785
600.324,471.329,724.78
601.32,470.999,849.776
600.144,596.655,600.108
601.14,596.326,725.103
602.136,595.996,850.099
600.959,721.652,600.431
601.955,721.323,725.426
602.951,720.993,850.422
348.027,600.701,100.598
351.119,598.908,225.547
354.211,597.115,350.495
351.734,725.634,102.299
354.826,723.841,227.248
357.918,722.048,352.197
355.441,850.568,104
358.533,848.775,228.949
361.625,846.981,353.898
472.933,597.037,97.4537
476.026,595.244,222.403
479.118,593.451,347.351
476.64,721.971,99.155
479.733,720.178,224.104
482.825,718.385,349.053
480.348,846.904,100.856
483.44,845.111,225.805
486.532,843.318,350.754
597.84,593.374,94.3098
600.933,591.581,219.259
604.025,589.788,344.208
601.547,718.307,96.0111
604.64,716.514,220.96
607.732,714.721,345.909
605.254,843.241,97.7123
608.347,841.448,222.661
611.439,839.655,347.61
349.312,600.423,224.256
348.056,603.431,349.214
346.8,606.439,474.171
352.287,725.352,221.279
351.031,728.36,346.236
349.775,731.368,471.194
355.262,850.281,218.302
354.006,853.289,343.259
352.75,856.297,468.217
474.27,597.479,225.583
473.014,600.487,350.541
471.758,603.495,475.498
477.246,722.408,222.606
475.989,725.416,347.564
474.733,728.424,472.521
480.221,847.337,219.629
478.964,850.345,344.586
477.708,853.353,469.544
599.229,594.535,226.91
597.972,597.543,351.868
596.716,600.551,476.825
602.204,719.464,223.933
600.948,722.472,348.891
599.691,725.48,473.848
605.179,844.393,220.956
603.923,847.401,345.914
602.666,850.409,470.871
350.225,598.163,349.849
350.734,600.037,474.834
351.244,601.911,599.819
350.138,723.149,347.975
350.647,725.023,472.96
351.157,726.897,597.945
350.051,848.135,346.101
350.561,850.009,471.086
351.07,851.883,596.071
475.224,598.242,349.339
475.733,600.116,474.324
476.243,601.991,599.309
475.137,723.228,347.465
475.646,725.102,472.45
476.156,726.976,597.435
475.05,848.214,345.591
475.56,850.088,470.576
476.069,851.962,595.561
600.223,598.321,348.828
600.732,600.195,473.813
601.241,602.07,598.798
600.136,723.307,346.954
600.645,725.181,471.939
601.155,727.056,596.924
600.049,848.293,345.08
600.559,850.167,470.065
601.068,852.042,595.05
348.719,598.441,476.324
346.696,601.844,601.261
344.673,605.248,726.198
349.585,723.392,472.934
347.562,726.795,597.871
345.539,730.199,722.808
350.452,848.343,469.544
348.428,851.746,594.481
346.405,855.15,719.418
473.7,597.63,478.37
471.676,601.033,603.307
469.653,604.437,728.244
474.566,722.581,474.98
472.543,725.984,599.917
470.519,729.388,724.854
475.432,847.532,471.59
473.409,850.935,596.527
471.386,854.339,721.464
598.68,596.819,480.416
596.657,600.222,605.353
594.634,603.626,730.29
599.547,721.77,477.026
597.523,725.173,601.963
595.5,728.577,726.9
600.413,846.721,473.636
598.39,850.124,598.573
596.366,853.528,723.51
348.123,601.785,599.166
350.354,599.953,724.133
352.584,598.121,849.099
346.696,726.763,601.023
348.927,724.931,725.99
351.157,723.099,850.957
345.269,851.741,602.881
347.499,849.909,727.848
349.73,848.077,852.814
473.095,603.245,596.957
475.326,601.413,721.923
477.556,599.581,846.89
471.668,728.223,598.814
473.899,726.391,723.781
476.129,724.559,848.748
470.241,853.201,600.672
472.471,851.369,725.638
474.702,849.537,850.605
598.067,604.705,594.747
600.298,602.873,719.714
602.528,601.041,844.681
596.64,729.683,596.605
598.871,727.851,721.572
601.101,726.019,846.538
595.213,854.661,598.462
597.443,852.829,723.429
599.674,850.997,848.396
473.343,100.606,98.1048
470.904,96.9861,223.029
468.465,93.3662,347.952
475.522,225.533,101.767
473.083,221.913,226.691
470.644,218.293,351.615
477.702,350.461,105.43
475.262,346.841,230.354
472.823,343.221,355.278
598.3,98.3569,100.479
595.861,94.7369,225.403
593.422,91.1169,350.327
600.48,223.284,104.142
598.04,219.664,229.066
595.601,216.044,353.99
602.659,348.212,107.805
600.22,344.592,232.728
597.78,340.972,357.652
723.258,96.1076,102.854
720.819,92.4876,227.778
718.379,88.8677,352.702
725.437,221.035,106.517
722.998,217.415,231.44
720.559,213.795,356.364
727.616,345.962,110.179
725.177,342.342,235.103
722.738,338.722,360.027
473.96,101.62,224.672
471.026,104.524,349.604
468.093,107.427,474.536
473.837,226.586,221.765
470.904,229.49,346.697
467.971,232.394,471.629
473.714,351.552,218.857
470.781,354.456,343.789
467.848,357.36,468.721
598.925,101.81,227.602
595.992,104.714,352.534
593.059,107.618,477.466
598.802,226.777,224.694
595.869,229.68,349.626
592.936,232.584,474.558
598.68,351.743,221.787
595.747,354.647,346.719
592.814,357.55,471.651
723.891,102.001,230.531
720.958,104.905,355.463
718.024,107.809,480.395
723.768,226.967,227.624
720.835,229.871,352.556
717.902,232.775,477.488
723.645,351.933,224.716
720.712,354.837,349.648
717.779,357.741,474.58
475.054,99.2416,348.045
477.259,101.043,473.013
479.465,102.845,597.98
473.35,224.217,346.274
475.556,226.019,471.241
477.761,227.821,596.209
471.646,349.193,344.502
473.852,350.995,469.469
476.058,352.796,594.437
600.022,100.914,345.815
602.228,102.715,470.783
604.434,104.517,595.75
598.319,225.889,344.044
600.525,227.691,469.011
602.73,229.492,593.979
596.615,350.865,342.272
598.821,352.667,467.24
601.027,354.468,592.207
724.991,102.586,343.585
727.197,104.387,468.553
729.403,106.189,593.52
723.288,227.561,341.814
725.493,229.363,466.781
727.699,231.164,591.749
721.584,352.537,340.042
723.79,354.339,465.01
725.996,356.14,589.977
473.299,99.3029,473.454
475.292,98.4846,598.435
477.285,97.6662,723.417
473.574,224.3,474.268
475.567,223.482,599.249
477.56,222.663,724.231
473.849,349.297,475.082
475.842,348.479,600.064
477.835,347.66,725.045
598.283,99.0408,471.46
600.276,98.2224,596.441
602.268,97.4041,721.422
598.558,224.038,472.274
600.551,223.219,597.255
602.543,222.401,722.236
598.833,349.035,473.088
600.826,348.217,598.069
602.819,347.398,723.051
723.267,98.7786,469.465
725.259,97.9603,594.446
727.252,97.1419,719.428
723.542,223.776,470.279
725.535,222.957,595.261
727.527,222.139,720.242
723.817,348.773,471.093
725.81,347.954,596.075
727.802,347.136,721.056
473.06,101.949,599.133
475.287,105.678,724.057
477.515,109.408,848.982
471.894,226.888,595.424
474.121,230.618,720.348
476.349,234.347,845.273
470.727,351.828,591.715
472.955,355.557,716.639
475.182,359.287,841.564
598.035,103.048,596.872
600.262,106.778,721.796
602.49,110.507,846.721
596.868,227.988,593.163
599.096,231.717,718.087
601.323,235.447,843.012
595.702,352.927,589.454
597.93,356.657,714.378
600.157,360.386,839.303
723.009,104.148,594.61
725.237,107.877,719.535
727.464,111.606,844.459
721.843,229.087,590.901
724.071,232.817,715.826
726.298,236.546,840.75
720.677,354.027,587.192
722.904,357.756,712.117
725.132,361.485,837.041
475.09,223.61,100.352
478.159,220.717,225.281
481.228,217.824,350.21
474.522,348.575,103.26
477.591,345.682,228.189
480.66,342.788,353.118
473.954,473.54,106.168
477.023,470.647,231.097
480.092,467.753,356.026
600.051,224.249,97.2975
603.12,221.356,222.226
606.189,218.463,347.155
599.483,349.214,100.206
602.552,346.321,225.134
605.621,343.428,350.063
598.915,474.179,103.114
601.984,471.286,228.042
605.053,468.393,352.971
725.012,224.888,94.2427
728.081,221.995,219.172
731.15,219.102,344.1
724.444,349.853,97.1508
727.513,346.96,222.08
730.582,344.067,347.008
723.876,474.818,100.059
726.945,471.925,224.988
730.014,469.032,349.916
474.322,223.453,223.643
472.047,226.208,348.592
469.771,228.963,473.541
472.808,348.413,220.861
470.533,351.168,345.81
468.258,353.922,470.759
471.295,473.373,218.078
469.019,476.127,343.027
466.744,478.882,467.976
599.292,225.017,225.885
597.017,227.771,350.834
594.741,230.526,475.783
597.778,349.976,223.102
595.503,352.731,348.051
593.228,355.486,473
596.265,474.936,220.319
593.99,477.691,345.268
591.714,480.446,470.217
724.262,226.58,228.126
721.987,229.335,353.075
719.712,232.09,478.024
722.749,351.54,225.343
720.473,354.295,350.292
718.198,357.05,475.241
721.235,476.5,222.561
718.96,479.255,347.509
716.684,482.01,472.458
474.292,224.861,349.666
474.706,224.918,474.666
475.121,224.975,599.665
473.976,349.86,349.61
474.391,349.918,474.61
474.805,349.975,599.609
473.66,474.86,349.554
474.075,474.917,474.553
474.489,474.974,599.553
599.291,225.177,349.252
599.705,225.234,474.251
600.12,225.291,599.25
598.975,350.176,349.196
599.389,350.233,474.195
599.804,350.29,599.194
598.659,475.176,349.139
599.073,475.233,474.139
599.488,475.29,599.138
724.29,225.492,348.837
724.704,225.55,473.836
725.119,225.607,598.835
723.974,350.492,348.781
724.388,350.549,473.78
724.803,350.606,598.779
723.658,475.492,348.725
724.072,475.549,473.724
724.487,475.606,598.723
475.876,223.325,473.576
478.68,222.413,598.541
481.485,221.502,723.506
474.156,348.31,474.526
476.96,347.398,599.492
479.764,346.486,724.457
472.435,473.294,475.477
475.239,472.382,600.442
478.043,471.471,725.407
600.833,225.067,470.785
603.637,224.155,595.75
606.441,223.243,720.715
599.112,350.051,471.735
601.916,349.139,596.7
604.72,348.228,721.666
597.391,475.036,472.686
600.196,474.124,597.651
603,473.212,722.616
725.79,226.808,467.994
728.594,225.897,592.959
731.398,224.985,717.924
724.069,351.793,468.944
726.873,350.881,593.909
729.677,349.969,718.874
722.348,476.777,469.894
725.152,475.866,594.86
727.956,474.954,719.825
473.164,223.306,598.391
473.992,224.129,723.385
474.821,224.953,848.38
475.547,348.281,597.552
476.375,349.104,722.546
477.204,349.927,847.541
477.93,473.255,596.713
478.758,474.078,721.707
479.586,474.902,846.702
598.138,220.918,597.578
598.967,221.741,722.573
599.795,222.565,847.567
600.521,345.892,596.739
601.35,346.716,721.734
602.178,347.539,846.728
602.904,470.867,595.9
603.733,471.69,720.895
604.561,472.513,845.889
723.113,218.53,596.765
723.941,219.353,721.76
724.77,220.176,846.755
725.496,343.504,595.926
726.324,344.327,720.921
727.153,345.151,845.916
727.879,468.478,595.087
728.707,469.302,720.082
729.536,470.125,845.077
474.413,348.087,100.084
473.456,350.113,225.063
472.5,352.14,350.043
471.492,473.036,98.0351
470.536,475.062,223.015
469.58,477.089,347.995
468.572,597.985,95.9867
467.616,600.011,220.967
466.66,602.038,345.947
599.375,351.022,100.992
598.419,353.049,225.972
597.462,355.075,350.952
596.455,475.971,98.9437
595.498,477.998,223.924
594.542,480.024,348.903
593.534,600.92,96.8953
592.578,602.947,221.875
591.622,604.973,346.855
724.337,353.958,101.901
723.381,355.984,226.881
722.425,358.011,351.86
721.417,478.907,99.8522
720.461,480.933,224.832
719.504,482.96,349.812
718.497,603.856,97.8038
717.54,605.882,222.784
716.584,607.909,347.764
473.495,350.813,223.454
471.891,349.405,348.436
470.286,347.997,473.418
470.952,475.779,224.829
469.347,474.371,349.811
467.742,472.963,474.793
468.408,600.746,226.204
466.803,599.338,351.186
465.199,597.93,476.168
598.459,353.338,225.087
596.854,351.93,350.069
595.25,350.522,475.051
595.915,478.305,226.462
594.311,476.897,351.444
592.706,475.489,476.426
593.372,603.271,227.837
591.767,601.864,352.819
590.162,600.456,477.801
723.423,355.864,226.72
721.818,354.456,351.702
720.214,353.048,476.683
720.879,480.831,228.095
719.275,479.423,353.077
717.67,478.015,478.058
718.335,605.797,229.47
716.731,604.389,354.452
715.126,602.981,479.434
474.819,351.023,348.546
473.426,354.481,473.491
472.032,357.939,598.435
475.638,475.973,345.097
474.244,479.431,470.041
472.851,482.889,594.986
476.456,600.923,341.648
475.063,604.381,466.592
473.669,607.839,591.537
599.809,350.244,349.962
598.415,353.702,474.906
597.022,357.16,599.851
600.627,475.193,346.513
599.234,478.651,471.457
597.84,482.109,596.402
601.446,600.143,343.064
600.052,603.601,468.008
598.659,607.059,592.952
724.798,349.464,351.378
723.405,352.922,476.322
722.011,356.38,601.266
725.617,474.414,347.929
724.223,477.872,472.873
722.83,481.33,597.817
726.436,599.363,344.479
725.042,602.821,469.424
723.648,606.279,594.368
473.363,351.423,473.359
472.656,348.59,598.325
471.948,345.757,723.291
474.836,476.382,476.2
474.129,473.549,601.166
473.422,470.716,726.132
476.309,601.341,479.041
475.602,598.508,604.007
474.895,595.675,728.973
598.352,349.934,474.033
597.645,347.101,598.999
596.938,344.268,723.964
599.825,474.893,476.874
599.118,472.06,601.84
598.411,469.227,726.806
601.298,599.852,479.715
600.591,597.019,604.681
599.884,594.186,729.647
723.341,348.445,474.706
722.634,345.612,599.672
721.927,342.779,724.638
724.815,473.404,477.547
724.107,470.571,602.513
723.4,467.738,727.479
726.288,598.363,480.388
725.581,595.53,605.354
724.874,592.697,730.32
473.645,350.027,601.415
471.842,349.71,726.402
470.039,349.393,851.389
469.931,474.971,601.678
468.128,474.655,726.665
466.325,474.338,851.652
466.217,599.916,601.941
464.414,599.599,726.928
462.611,599.282,851.915
598.577,353.737,603.227
596.774,353.42,728.213
594.971,353.103,853.2
594.863,478.681,603.49
593.06,478.364,728.476
591.257,478.048,853.463
591.149,603.626,603.753
589.346,603.309,728.74
587.543,602.992,853.726
723.509,357.446,605.038
721.706,357.13,730.025
719.903,356.813,855.012
719.795,482.391,605.301
717.992,482.074,730.288
716.189,481.757,855.275
716.081,607.335,605.564
714.278,607.019,730.551
712.475,606.702,855.538
473.123,475.731,99.1964
476.815,479.361,224.089
480.507,482.99,348.982
475.647,600.651,95.4915
479.339,604.28,220.384
483.031,607.91,345.277
478.172,725.57,91.7866
481.864,729.2,216.679
485.556,732.829,341.572
598.043,473.099,95.5799
601.735,476.729,220.473
605.427,480.358,345.365
600.567,598.019,91.8751
604.259,601.648,216.768
607.951,605.278,341.661
603.091,722.939,88.1702
606.784,726.568,213.063
610.476,730.198,337.956
722.963,470.468,91.9635
726.655,474.097,216.856
730.347,477.727,341.749
725.487,595.387,88.2586
729.179,599.017,213.151
732.871,602.646,338.044
728.011,720.307,84.5537
731.704,723.936,209.446
735.396,727.566,334.339
476.381,475.432,224.555
477.078,476.846,349.545
477.775,478.26,474.536
479.723,600.379,223.123
480.419,601.793,348.113
481.116,603.207,473.103
483.064,725.326,221.691
483.761,726.74,346.681
484.457,728.154,471.671
601.335,472.083,223.897
602.031,473.497,348.887
602.728,474.911,473.877
604.676,597.03,222.465
605.373,598.444,347.455
606.069,599.858,472.445
608.018,721.977,221.032
608.714,723.391,346.022
609.411,724.805,471.012
726.288,468.733,223.238
726.985,470.148,348.228
727.681,471.562,473.218
729.63,593.681,221.806
730.326,595.095,346.796
731.023,596.509,471.786
732.971,718.628,220.374
733.668,720.042,345.364
734.364,721.456,470.354
476.344,473.07,351.127
472.823,476.761,476.023
469.302,480.453,600.919
478.778,597.994,347.504
475.257,601.685,472.399
471.736,605.377,597.295
481.211,722.917,343.88
477.69,726.609,468.776
474.17,730.3,593.672
601.271,470.74,354.718
597.75,474.432,479.614
594.229,478.123,604.51
603.704,595.664,351.094
600.183,599.356,475.99
596.663,603.047,600.886
606.138,720.588,347.471
602.617,724.279,472.366
599.096,727.971,597.262
726.197,468.411,358.309
722.676,472.102,483.204
719.156,475.794,608.1
728.631,593.334,354.685
725.11,597.026,479.581
721.589,600.717,604.477
731.065,718.258,351.061
727.544,721.95,475.957
724.023,725.641,600.853
475.878,473.496,475.265
476.599,470.425,600.226
477.32,467.354,725.186
475.473,598.457,478.339
476.194,595.387,603.299
476.915,592.316,728.259
475.068,723.419,481.412
475.789,720.348,606.372
476.51,717.277,731.332
600.875,473.918,474.554
601.596,470.848,599.514
602.318,467.777,724.475
600.47,598.88,477.627
601.191,595.809,602.588
601.912,592.739,727.548
600.065,723.842,480.701
600.786,720.771,605.661
601.507,717.7,730.621
725.872,474.341,473.843
726.594,471.27,598.803
727.315,468.2,723.764
725.467,599.303,476.916
726.188,596.232,601.877
726.91,593.161,726.837
725.062,724.264,479.989
725.783,721.194,604.95
726.505,718.123,729.91
474.155,476.917,601.311
475.119,479.156,726.287
476.084,481.396,851.263
474.11,601.897,599.072
475.075,604.136,724.048
476.039,606.376,849.024
474.065,726.877,596.833
475.03,729.116,721.809
475.994,731.356,846.785
599.151,476.944,600.346
600.115,479.184,725.322
601.08,481.423,850.298
599.106,601.924,598.107
600.071,604.164,723.083
601.035,606.403,848.059
599.062,726.904,595.868
600.026,729.143,720.844
600.991,731.383,845.82
724.147,476.972,599.381
725.112,479.211,724.357
726.076,481.45,849.333
724.103,601.951,597.142
725.067,604.191,722.118
726.031,606.43,847.094
724.058,726.931,594.903
725.022,729.171,719.879
725.987,731.41,844.855
475.869,600.707,100.21
478.324,597.418,225.142
480.78,594.13,350.075
479.285,725.619,103.43
481.74,722.33,228.363
484.195,719.041,353.296
482.701,850.53,106.651
485.156,847.242,231.584
487.611,843.953,356.517
600.798,597.356,97.666
603.253,594.067,222.599
605.709,590.779,347.531
604.214,722.268,100.887
606.669,718.979,225.82
609.125,715.691,350.752
607.63,847.18,104.108
610.085,843.891,229.04
612.54,840.602,353.973
725.727,594.005,95.1225
728.183,590.717,220.055
730.638,587.428,344.988
729.143,718.917,98.3434
731.598,715.628,223.276
734.054,712.34,348.209
732.559,843.829,101.564
735.014,840.54,226.497
737.47,837.252,351.43
474.201,601.96,226.669
475.591,602.554,351.659
476.981,603.148,476.65
473.357,726.956,226.084
474.747,727.55,351.075
476.136,728.144,476.066
472.512,851.951,225.499
473.902,852.545,350.49
475.292,853.139,475.481
599.191,602.798,225.275
600.581,603.392,350.266
601.97,603.986,475.257
598.346,727.793,224.69
599.736,728.387,349.681
601.126,728.982,474.672
597.502,852.789,224.106
598.891,853.383,349.096
600.281,853.977,474.087
724.18,603.636,223.881
725.57,604.23,348.872
726.96,604.824,473.863
723.336,728.631,223.296
724.725,729.225,348.287
726.115,729.819,473.278
722.491,853.627,222.712
723.881,854.221,347.703
725.271,854.815,472.693
474.556,598.287,350.198
477.212,594.551,475.114
479.869,590.814,600.03
477.949,723.187,353.862
480.606,719.451,478.778
483.262,715.714,603.694
481.342,848.088,357.526
483.999,844.351,482.441
486.655,840.615,607.357
599.481,594.974,347.442
602.138,591.238,472.358
604.795,587.501,597.273
602.874,719.875,351.106
605.531,716.138,476.021
608.188,712.401,600.937
606.267,844.775,354.769
608.924,841.038,479.685
611.581,837.302,604.601
724.407,591.661,344.685
727.064,587.925,469.601
729.721,584.188,594.517
727.8,716.562,348.349
730.457,712.825,473.265
733.114,709.089,598.181
731.193,841.462,352.013
733.85,837.725,476.929
736.507,833.989,601.845
473.195,600.475,474.196
475.966,598.323,599.146
478.738,596.172,724.097
476.857,725.404,476.265
479.629,723.252,601.216
482.4,721.101,726.167
480.519,850.333,478.335
483.291,848.182,603.286
486.062,846.03,728.237
598.11,596.86,471.362
600.882,594.708,596.313
603.653,592.557,721.264
601.773,721.789,473.432
604.544,719.637,598.383
607.316,717.486,723.334
605.435,846.718,475.502
608.206,844.567,600.453
610.978,842.415,725.404
723.026,593.245,468.529
725.797,591.093,593.48
728.569,588.942,718.431
726.688,718.174,470.599
729.46,716.022,595.55
732.231,713.871,720.501
730.35,843.103,472.669
733.122,840.952,597.62
735.894,838.8,722.57
474.556,601.62,598.552
474.228,598.843,723.52
473.899,596.065,848.489
473.327,726.583,601.326
472.999,723.806,726.294
472.67,721.029,851.263
472.098,851.546,604.099
471.769,848.769,729.068
471.441,845.992,854.037
599.55,602.841,598.908
599.221,600.064,723.876
598.892,597.287,848.845
598.321,727.805,601.681
597.992,725.027,726.65
597.663,722.25,851.619
597.092,852.768,604.455
596.763,849.99,729.424
596.434,847.213,854.393
724.543,604.063,599.263
724.215,601.286,724.232
723.886,598.508,849.201
723.314,729.026,602.037
722.986,726.249,727.006
722.657,723.472,851.975
722.085,853.989,604.811
721.756,851.212,729.78
721.428,848.435,854.749
601.933,98.8447,101.947
602.238,95.8891,226.912
602.543,92.9335,351.876
605.383,223.762,104.893
605.688,220.807,229.858
605.993,217.851,354.822
608.833,348.68,107.839
609.138,345.724,232.804
609.443,342.769,357.769
726.885,95.403,101.561
727.19,92.4474,226.525
727.495,89.4918,351.49
730.335,220.321,104.507
730.64,217.365,229.471
730.945,214.409,354.436
733.785,345.238,107.453
734.09,342.283,232.417
734.395,339.327,357.382
851.837,91.9612,101.174
852.142,89.0056,226.139
852.447,86.05,351.104
855.287,216.879,104.12
855.592,213.923,229.085
855.897,210.968,354.05
858.737,341.797,107.066
859.042,338.841,232.031
859.347,335.885,356.996
599.839,98.1797,223.479
601.638,101.144,348.431
603.436,104.109,473.383
598.231,223.135,220.537
600.03,226.099,345.489
601.829,229.064,470.441
596.623,348.09,217.596
598.422,351.054,342.548
600.221,354.019,467.5
724.815,99.7447,221.642
726.614,102.709,346.594
728.413,105.674,471.546
723.208,224.7,218.701
725.006,227.664,343.653
726.805,230.629,468.605
721.6,349.655,215.759
723.399,352.619,340.711
725.197,355.584,465.663
849.792,101.31,219.806
851.591,104.274,344.758
853.39,107.239,469.71
848.184,226.265,216.865
849.983,229.229,341.816
851.782,232.194,466.768
846.576,351.22,213.923
848.375,354.184,338.875
850.174,357.149,463.827
598.199,99.2026,348.039
595.102,101.558,472.978
592.004,103.913,597.918
601.199,224.146,345.758
598.102,226.501,470.698
595.005,228.856,595.637
604.2,349.089,343.477
601.103,351.444,468.417
598.005,353.799,593.356
723.124,96.26,351.191
720.027,98.6152,476.131
716.93,100.97,601.07
726.125,221.203,348.91
723.028,223.558,473.85
719.93,225.914,598.789
729.126,346.146,346.63
726.028,348.502,471.569
722.931,350.857,596.508
848.05,93.3174,354.344
844.953,95.6726,479.283
841.855,98.0278,604.223
851.051,218.261,352.063
847.953,220.616,477.002
844.856,222.971,601.942
854.051,343.204,349.782
850.954,345.559,474.721
847.857,347.914,599.661
598.839,99.9304,473.662
596.428,102.503,598.612
594.018,105.075,723.563
596.324,224.878,471.041
593.913,227.45,595.992
591.503,230.022,720.942
593.809,349.825,468.421
591.399,352.397,593.371
588.988,354.97,718.321
723.79,102.495,476.02
721.38,105.067,600.97
718.969,107.639,725.921
721.275,227.442,473.399
718.865,230.014,598.35
716.454,232.587,723.3
718.761,352.389,470.778
716.35,354.962,595.729
713.939,357.534,720.679
848.742,105.059,478.378
846.331,107.632,603.328
843.92,110.204,728.278
846.227,230.006,475.757
843.816,232.579,600.707
841.406,235.151,725.658
843.712,354.954,473.136
841.301,357.526,598.087
838.891,360.098,723.037
599.506,101.368,600.099
596.146,100.768,725.052
592.787,100.168,850.006
602.953,226.319,600.792
599.593,225.719,725.745
596.234,225.119,850.698
606.399,351.27,601.484
603.04,350.67,726.438
599.68,350.07,851.391
724.413,97.9044,603.44
721.054,97.3044,728.394
717.694,96.7045,853.347
727.86,222.855,604.133
724.5,222.255,729.086
721.141,221.655,854.04
731.307,347.806,604.826
727.947,347.206,729.779
724.588,346.606,854.732
849.32,94.4404,606.782
845.961,93.8404,731.735
842.602,93.2405,856.689
852.767,219.391,607.475
849.408,218.791,732.428
846.048,218.191,857.381
856.214,344.341,608.167
852.854,343.742,733.121
849.495,343.142,858.074
600.795,224.594,98.0016
599.06,225.946,222.982
597.325,227.298,347.963
602.2,349.579,96.6694
600.466,350.931,221.65
598.731,352.283,346.631
603.606,474.564,95.3372
601.872,475.916,220.318
600.137,477.268,345.298
725.775,223.207,99.7512
724.04,224.559,224.732
722.305,225.911,349.712
727.18,348.192,98.419
725.446,349.544,223.4
723.711,350.896,348.38
728.586,473.177,97.0868
726.852,474.529,222.067
725.117,475.881,347.048
850.755,221.82,101.501
849.02,223.172,226.481
847.285,224.524,351.462
852.16,346.805,100.169
850.426,348.157,225.149
848.691,349.509,350.13
853.566,471.79,98.8364
851.832,473.142,223.817
850.097,474.494,348.798
598.47,223.488,224.333
598.664,225.66,349.314
598.858,227.833,474.295
598.363,348.469,222.16
598.558,350.641,347.141
598.752,352.814,472.122
598.257,473.45,219.988
598.451,475.622,344.969
598.646,477.795,469.95
723.469,223.591,224.136
723.664,225.763,349.117
723.858,227.936,474.098
723.363,348.572,221.964
723.557,350.744,346.945
723.752,352.917,471.926
723.257,473.553,219.791
723.451,475.725,344.772
723.646,477.898,469.753
848.469,223.694,223.94
848.664,225.866,348.921
848.858,228.039,473.902
848.363,348.675,221.768
848.557,350.847,346.749
848.752,353.02,471.73
848.256,473.656,219.595
848.451,475.828,344.576
848.645,478.001,469.557
598.312,224.452,350.726
594.737,222.417,475.658
591.162,220.382,600.59
598.935,349.434,352.779
595.36,347.399,477.711
591.785,345.364,602.644
599.558,474.415,354.833
595.983,472.38,479.765
592.408,470.345,604.697
723.259,223.771,354.29
719.684,221.736,479.222
716.109,219.701,604.155
723.882,348.752,356.344
720.307,346.717,481.276
716.732,344.682,606.208
724.505,473.734,358.397
720.93,471.699,483.33
717.355,469.664,608.262
848.207,223.089,357.855
844.632,221.054,482.787
841.056,219.019,607.719
848.83,348.071,359.908
845.255,346.036,484.84
841.679,344.001,609.773
849.453,473.052,361.962
845.878,471.017,486.894
842.302,468.982,611.826
601.825,224.954,476.738
599.961,221.265,601.669
598.098,217.576,726.601
603.542,349.887,480.452
601.678,346.198,605.384
599.814,342.509,730.316
605.258,474.82,484.167
603.394,471.131,609.099
601.531,467.442,734.03
726.799,223.183,478.55
724.936,219.494,603.481
723.072,215.805,728.413
728.516,348.116,482.264
726.652,344.427,607.196
724.789,340.738,732.128
730.232,473.049,485.979
728.369,469.36,610.911
726.505,465.671,735.842
851.774,221.412,480.362
849.91,217.723,605.293
848.046,214.034,730.225
853.49,346.345,484.076
851.627,342.656,609.008
849.763,338.967,733.94
855.207,471.278,487.791
853.343,467.589,612.723
851.479,463.9,737.654
601.034,226.797,598.933
603.529,224.06,723.878
606.025,221.324,848.823
600.075,351.763,601.689
602.57,349.026,726.634
605.066,346.29,851.579
599.116,476.729,604.445
601.612,473.992,729.39
604.107,471.256,854.335
726.005,227.81,596.459
728.501,225.074,721.404
730.996,222.337,846.349
725.047,352.776,599.215
727.542,350.04,724.16
730.037,347.303,849.105
724.088,477.742,601.971
726.583,475.006,726.916
729.078,472.269,851.861
850.977,228.824,593.986
853.472,226.087,718.931
855.967,223.351,843.876
850.018,353.789,596.742
852.513,351.053,721.687
855.008,348.317,846.632
849.059,478.755,599.498
851.554,476.019,724.443
854.05,473.283,849.388
599.401,349.351,99.1377
600.599,351.446,224.114
601.798,353.541,349.091
596.054,474.289,97.0752
597.252,476.384,222.052
598.451,478.48,347.029
592.707,599.227,95.0127
593.905,601.322,219.989
595.104,603.418,344.966
724.35,352.678,97.8837
725.549,354.773,222.86
726.747,356.868,347.837
721.003,477.616,95.8212
722.202,479.711,220.798
723.4,481.806,345.775
717.656,602.554,93.7587
718.854,604.649,218.735
720.053,606.744,343.712
849.3,356.004,96.6297
850.498,358.1,221.606
851.697,360.195,346.583
845.952,480.942,94.5672
847.151,483.038,219.544
848.349,485.133,344.521
842.605,605.881,92.5047
843.804,607.976,217.481
845.002,610.071,342.458
599.261,348.426,224.071
597.127,351.94,349.004
594.994,355.454,473.936
601.936,473.349,220.603
599.802,476.863,345.536
597.669,480.377,470.468
604.61,598.273,217.135
602.477,601.786,342.068
600.344,605.3,467
724.214,345.812,226.279
722.081,349.326,351.211
719.947,352.84,476.143
726.889,470.735,222.811
724.755,474.249,347.743
722.622,477.763,472.675
729.564,595.658,219.343
727.43,599.172,344.275
725.297,602.686,469.207
849.167,343.198,228.486
847.034,346.712,353.418
844.9,350.225,478.351
851.842,468.121,225.018
849.709,471.635,349.95
847.575,475.149,474.883
854.517,593.044,221.55
852.383,596.558,346.482
850.25,600.072,471.415
599.795,350.169,351.706
601.619,346.851,476.649
603.442,343.534,601.592
598.652,475.119,355.041
600.475,471.801,479.983
602.298,468.484,604.926
597.508,600.069,358.375
599.331,596.752,483.318
601.155,593.434,608.261
724.777,351.36,349.914
726.6,348.043,474.857
728.423,344.725,599.8
723.633,476.311,353.249
725.456,472.993,478.191
727.28,469.675,603.134
722.49,601.261,356.583
724.313,597.943,481.526
726.136,594.626,606.468
849.758,352.552,348.122
851.582,349.234,473.065
853.405,345.917,598.008
848.615,477.502,351.457
850.438,474.185,476.399
852.261,470.867,601.342
847.471,602.453,354.791
849.294,599.135,479.734
851.117,595.817,604.676
601.614,348.827,476.823
598.664,347.76,601.784
595.714,346.694,726.744
601.798,473.822,477.894
598.848,472.756,602.855
595.898,471.689,727.815
601.983,598.817,478.965
599.033,597.751,603.926
596.083,596.685,728.886
726.579,348.617,479.771
723.629,347.551,604.732
720.679,346.484,729.693
726.763,473.612,480.842
723.813,472.546,605.803
720.863,471.48,730.764
726.948,598.607,481.913
723.998,597.541,606.874
721.048,596.475,731.835
851.544,348.407,482.72
848.594,347.341,607.68
845.644,346.274,732.641
851.728,473.402,483.791
848.778,472.336,608.751
845.828,471.27,733.712
851.913,598.398,484.862
848.963,597.331,609.822
846.013,596.265,734.783
600.283,348.106,598.138
597.283,349.83,723.09
594.284,351.553,848.042
601.605,473.088,596.446
598.606,474.811,721.398
595.607,476.535,846.35
602.928,598.069,594.754
599.929,599.793,719.706
596.93,601.517,844.658
725.24,346.825,601.155
722.24,348.548,726.107
719.241,350.272,851.06
726.562,471.806,599.463
723.563,473.53,724.415
720.564,475.253,849.367
727.885,596.788,597.771
724.886,598.511,722.723
721.887,600.235,847.675
850.197,345.543,604.172
847.197,347.266,729.124
844.198,348.99,854.077
851.519,470.524,602.48
848.52,472.248,727.432
845.521,473.971,852.384
852.842,595.506,600.788
849.843,597.229,725.74
846.844,598.953,850.692
598.423,476.406,99.3435
598.521,474.633,224.331
598.62,472.861,349.318
601.455,601.356,101.113
601.553,599.584,226.1
601.652,597.811,351.088
604.487,726.307,102.883
604.586,724.535,227.87
604.684,722.762,352.857
723.386,473.375,99.202
723.485,471.603,224.189
723.583,469.83,349.177
726.418,598.326,100.972
726.517,596.553,225.959
726.615,594.781,350.946
729.45,723.277,102.741
729.549,721.504,227.729
729.647,719.732,352.716
848.349,470.345,99.0606
848.448,468.572,224.048
848.546,466.8,349.035
851.381,595.295,100.83
851.48,593.523,225.818
851.578,591.751,350.805
854.414,720.246,102.6
854.512,718.474,227.587
854.611,716.701,352.574
600.92,475.249,226.03
601.825,476.692,351.019
602.73,478.135,476.007
600.022,600.238,224.594
600.927,601.681,349.582
601.832,603.123,474.571
599.124,725.226,223.158
600.029,726.669,348.146
600.934,728.112,473.134
725.913,476.137,225.115
726.818,477.579,350.103
727.723,479.022,475.092
725.015,601.125,223.679
725.92,602.568,348.667
726.825,604.011,473.655
724.117,726.114,222.242
725.023,727.556,347.231
725.928,728.999,472.219
850.907,477.024,224.2
851.812,478.467,349.188
852.717,479.909,474.176
850.009,602.012,222.763
850.914,603.455,347.752
851.819,604.898,472.74
849.111,727.001,221.327
850.016,728.444,346.315
850.921,729.887,471.304
598.362,474.861,350.54
600.609,473.355,475.51
602.855,471.848,600.481
595.049,599.807,352.105
597.296,598.301,477.076
599.542,596.795,602.047
591.736,724.754,353.671
593.982,723.247,478.642
596.229,721.741,603.612
723.298,478.202,348.334
725.545,476.695,473.305
727.791,475.189,598.276
719.985,603.148,349.9
722.231,601.642,474.871
724.478,600.135,599.841
716.672,728.094,351.465
718.918,726.588,476.436
721.165,725.082,601.407
848.234,481.542,346.129
850.481,480.036,471.1
852.727,478.53,596.07
844.921,606.489,347.694
847.167,604.982,472.665
849.414,603.476,597.636
841.608,731.435,349.26
843.854,729.928,474.231
846.1,728.422,599.201
599.584,475.993,474.666
601.128,473.176,599.625
602.672,470.359,724.584
600.758,600.956,477.469
602.302,598.139,602.427
603.845,595.322,727.386
601.931,725.919,480.271
603.475,723.102,605.23
605.019,720.285,730.189
724.569,474.854,473.096
726.113,472.037,598.055
727.657,469.22,723.014
725.743,599.818,475.899
727.286,597,600.858
728.83,594.183,725.816
726.916,724.781,478.702
728.46,721.964,603.66
730.004,719.146,728.619
849.554,473.716,471.526
851.098,470.899,596.485
852.642,468.082,721.444
850.728,598.679,474.329
852.271,595.862,599.288
853.815,593.045,724.246
851.901,723.642,477.132
853.445,720.825,602.09
854.989,718.008,727.049
601.698,473.792,599.69
603.478,471.019,724.646
605.259,468.245,849.603
602.017,598.761,602.459
603.798,595.987,727.415
605.579,593.214,852.372
602.337,723.729,605.227
604.118,720.956,730.184
605.899,718.183,855.14
726.685,473.511,597.902
728.465,470.738,722.859
730.246,467.965,847.815
727.004,598.48,600.671
728.785,595.707,725.628
730.566,592.934,850.584
727.324,723.449,603.44
729.105,720.676,728.396
730.886,717.903,853.353
851.671,473.231,596.115
853.452,470.458,721.071
855.233,467.685,846.028
851.991,598.2,598.884
853.772,595.427,723.84
855.553,592.654,848.797
852.311,723.169,601.652
854.092,720.396,726.609
855.873,717.623,851.565
598.403,601.095,100.68
599.438,599.054,225.659
600.473,597.012,350.638
595.633,726.047,102.744
596.668,724.006,227.723
597.703,721.964,352.702
592.863,851,104.808
593.898,848.958,229.787
594.933,846.916,354.766
723.368,603.882,99.6907
724.403,601.84,224.67
725.438,599.799,349.649
720.598,728.834,101.755
721.633,726.792,226.734
722.668,724.751,351.713
717.828,853.786,103.819
718.863,851.745,228.798
719.898,849.703,353.777
848.333,606.668,98.7015
849.368,604.627,223.681
850.403,602.585,348.66
845.563,731.621,100.766
846.598,729.579,225.745
847.633,727.537,350.724
842.793,856.573,102.83
843.828,854.531,227.809
844.863,852.49,352.788
599.807,601.208,223.316
599.951,603.34,348.298
600.094,605.472,473.279
599.688,726.19,221.184
599.832,728.322,346.166
599.975,730.454,471.148
599.569,851.172,219.053
599.712,853.304,344.034
599.856,855.435,469.016
724.807,601.325,223.17
724.951,603.457,348.152
725.094,605.589,473.134
724.688,726.307,221.039
724.831,728.439,346.02
724.975,730.57,471.002
724.569,851.289,218.907
724.712,853.42,343.889
724.856,855.552,468.87
849.807,601.442,223.025
849.95,603.573,348.006
850.094,605.705,472.988
849.688,726.423,220.893
849.831,728.555,345.875
849.975,730.687,470.856
849.569,851.405,218.761
849.712,853.537,343.743
849.856,855.669,468.725
599.048,599.144,349.452
598.787,598.065,474.447
598.526,596.986,599.442
597.382,724.128,350.527
597.121,723.049,475.522
596.86,721.97,600.517
595.717,849.112,351.602
595.455,848.034,476.597
595.194,846.955,601.592
724.037,600.807,349.727
723.776,599.728,474.722
723.514,598.65,599.717
722.371,725.792,350.803
722.11,724.713,475.798
721.849,723.634,600.793
720.705,850.776,351.878
720.444,849.697,476.873
720.183,848.618,601.868
849.025,602.471,350.003
848.764,601.392,474.998
848.503,600.313,599.993
847.36,727.455,351.078
847.098,726.376,476.073
846.837,725.297,601.068
845.694,852.439,352.153
845.433,851.36,477.149
845.171,850.282,602.144
600.061,600.286,476.678
602.607,599.031,601.646
605.153,597.777,726.614
601.423,725.272,477.905
603.969,724.018,602.873
606.515,722.763,727.84
602.785,850.259,479.132
605.331,849.004,604.099
607.877,847.75,729.067
725.028,598.949,474.119
727.574,597.694,599.086
730.12,596.44,724.054
726.39,723.935,475.345
728.936,722.681,600.313
731.482,721.426,725.281
727.752,848.922,476.572
730.298,847.667,601.54
732.844,846.413,726.508
849.994,597.612,471.559
852.54,596.358,596.527
855.086,595.103,721.495
851.357,722.598,472.786
853.903,721.344,597.754
856.449,720.09,722.722
852.719,847.585,474.013
855.265,846.331,598.981
857.811,845.076,723.948
599.186,599.603,601.746
597.853,599.421,726.739
596.519,599.239,851.732
595.445,724.547,601.888
594.112,724.365,726.881
592.779,724.183,851.874
591.705,849.49,602.03
590.372,849.309,727.023
589.039,849.127,852.015
724.123,603.341,603.085
722.79,603.16,728.077
721.456,602.978,853.07
720.382,728.285,603.226
719.049,728.104,728.219
717.716,727.922,853.212
716.642,853.229,603.368
715.309,853.047,728.361
713.975,852.866,853.353
849.06,607.08,604.423
847.726,606.898,729.415
846.393,606.717,854.408
845.319,732.024,604.564
843.986,731.842,729.557
842.653,731.661,854.55
841.579,856.968,604.706
840.246,856.786,729.699
838.912,856.604,854.692
