27,125,OUTPUT/pa2-debug-a-output-1.txt
191.303,191.858,190.387
317.864,315.213,115.051
98.8729,101.057,98.9941
98.3626,98.2557,223.962
97.8523,95.4543,348.929
101.399,226,101.805
100.889,223.199,226.773
100.379,220.397,351.74
103.926,350.943,104.616
103.416,348.141,229.584
102.905,345.34,354.551
223.846,98.5197,99.4476
223.336,95.7184,224.415
222.826,92.9171,349.383
226.373,223.463,102.259
225.863,220.661,227.226
225.352,217.86,352.194
228.899,348.405,105.07
228.389,345.604,230.037
227.879,342.803,355.005
348.82,95.9825,99.901
348.309,93.1811,224.869
347.799,90.3798,349.836
351.346,220.925,102.712
350.836,218.124,227.68
350.326,215.323,352.647
353.873,345.868,105.523
353.362,343.067,230.491
352.852,340.265,355.458
100.098,99.7315,226.748
102.333,102.649,351.694
104.569,105.566,476.64
97.6877,224.675,223.874
99.9232,227.592,348.82
102.159,230.51,473.765
95.2777,349.619,220.999
97.5132,352.536,345.945
99.7487,355.453,470.891
225.054,102.089,224.457
227.29,105.006,349.403
229.526,107.924,474.349
222.644,227.033,221.583
224.88,229.95,346.529
227.116,232.867,471.475
220.234,351.976,218.709
222.47,354.894,343.655
224.706,357.811,468.601
350.011,104.447,222.166
352.247,107.364,347.112
354.482,110.281,472.058
347.601,229.39,219.292
349.837,232.308,344.238
352.072,235.225,469.184
345.191,354.334,216.418
347.427,357.251,341.364
349.662,360.169,466.31
100.041,98.0275,349.531
97.4505,95.8858,474.485
94.8604,93.7441,599.44
103.33,222.965,351.74
100.74,220.823,476.695
98.15,218.681,601.65
106.62,347.902,353.95
104.03,345.76,478.905
101.44,343.618,603.859
224.971,94.6933,352.063
222.38,92.5516,477.018
219.79,90.4099,601.973
228.26,219.63,354.273
225.67,217.489,479.228
223.08,215.347,604.182
231.55,344.568,356.482
228.96,342.426,481.437
226.369,340.284,606.392
349.9,91.3591,354.596
347.31,89.2174,479.55
344.72,87.0757,604.505
353.19,216.296,356.805
350.6,214.155,481.76
348.01,212.013,606.715
356.48,341.233,359.015
353.889,339.092,483.97
351.299,336.95,608.924
99.74,98.1901,476.05
97.5091,100.775,601.003
95.2783,103.361,725.956
101.256,223.155,473.491
99.0254,225.74,598.445
96.7945,228.325,723.398
102.772,348.119,470.933
100.542,350.705,595.886
98.3107,353.29,720.84
224.711,96.7201,478.311
222.48,99.3054,603.265
220.249,101.891,728.218
226.227,221.685,475.753
223.996,224.27,600.706
221.765,226.855,725.66
227.743,346.649,473.194
225.512,349.235,598.148
223.282,351.82,723.101
349.682,95.2501,480.573
347.451,97.8354,605.526
345.22,100.421,730.48
351.198,220.215,478.015
348.967,222.8,602.968
346.736,225.385,727.921
352.714,345.179,475.456
350.483,347.765,600.409
348.252,350.35,725.363
99.5372,98.757,599.298
98.3588,98.4785,724.292
97.1805,98.2,849.286
97.9984,223.747,599.562
96.82,223.469,724.556
95.6417,223.19,849.55
96.4596,348.738,599.826
95.2812,348.459,724.82
94.1029,348.181,849.814
224.522,100.293,600.479
223.344,100.015,725.474
222.165,99.7362,850.468
222.983,225.284,600.743
221.805,225.005,725.737
220.627,224.726,850.732
221.445,350.274,601.007
220.266,349.995,726.001
219.088,349.717,850.996
349.507,101.829,601.661
348.329,101.551,726.655
347.15,101.272,851.649
347.968,226.82,601.925
346.79,226.541,726.919
345.612,226.263,851.913
346.43,351.81,602.189
345.251,351.531,727.183
344.073,351.253,852.177
99.4397,223.483,100.491
95.6804,225.461,225.419
91.921,227.439,350.346
96.1687,348.423,98.414
92.4094,350.401,223.342
88.65,352.379,348.27
92.8977,473.363,96.3371
89.1384,475.341,221.265
85.3791,477.319,346.193
224.34,226.814,104.197
220.581,228.793,229.124
216.822,230.771,354.052
221.069,351.754,102.12
217.31,353.732,227.048
213.551,355.711,351.975
217.798,476.694,100.043
214.039,478.672,224.971
210.28,480.651,349.898
349.241,230.146,107.902
345.482,232.124,232.83
341.722,234.102,357.758
345.97,355.086,105.825
342.211,357.064,230.753
338.451,359.042,355.681
342.699,480.026,103.749
338.94,482.004,228.676
335.18,483.982,353.604
98.1716,226.881,226.498
100.761,229.241,351.449
103.351,231.601,476.4
95.7016,351.835,224.189
98.2912,354.195,349.14
100.881,356.555,474.091
93.2316,476.789,221.881
95.8212,479.149,346.832
98.4109,481.509,471.782
223.12,229.302,223.863
225.71,231.662,348.814
228.3,234.022,473.765
220.65,354.256,221.554
223.24,356.616,346.505
225.83,358.976,471.456
218.18,479.211,219.245
220.77,481.571,344.196
223.36,483.93,469.147
348.069,231.723,221.228
350.659,234.083,346.178
353.248,236.443,471.129
345.599,356.678,218.919
348.189,359.037,343.87
350.778,361.397,468.821
343.129,481.632,216.61
345.719,483.992,341.561
348.308,486.352,466.512
101.196,224.8,348.681
100.352,221.365,473.63
99.5075,217.931,598.58
97.712,349.705,352.091
96.8677,346.27,477.041
96.0233,342.835,601.991
94.2279,474.61,355.501
93.3835,471.175,480.451
92.5392,467.74,605.401
226.145,228.26,349.62
225.3,224.825,474.57
224.456,221.39,599.52
222.661,353.165,353.03
221.816,349.73,477.98
220.972,346.295,602.93
219.176,478.07,356.44
218.332,474.635,481.39
217.488,471.2,606.34
351.093,231.72,350.559
350.249,228.285,475.509
349.405,224.85,600.459
347.609,356.625,353.969
346.765,353.19,478.919
345.921,349.755,603.869
344.125,481.529,357.38
343.281,478.095,482.33
342.436,474.66,607.279
100.767,226.697,475.33
102.154,223.223,600.274
103.542,219.748,725.218
99.7782,351.645,478.815
101.165,348.17,603.759
102.553,344.696,728.703
98.7892,476.592,482.301
100.176,473.118,607.245
101.564,469.643,732.189
225.756,227.724,473.97
227.143,224.25,598.914
228.53,220.776,723.858
224.767,352.672,477.456
226.154,349.197,602.4
227.541,345.723,727.344
223.778,477.619,480.942
225.165,474.145,605.886
226.552,470.671,730.83
350.744,228.752,472.611
352.131,225.277,597.555
353.518,221.803,722.499
349.755,353.699,476.097
351.142,350.225,601.041
352.529,346.75,725.985
348.766,478.647,479.582
350.153,475.172,604.526
351.54,471.698,729.47
100.739,226.754,599.368
100.065,223.024,724.31
99.392,219.294,849.253
99.2455,351.69,603.09
98.572,347.96,728.032
97.8985,344.229,852.975
97.752,476.626,606.812
97.0785,472.895,731.754
96.405,469.165,856.697
225.728,228.227,600.085
225.055,224.497,725.028
224.381,220.767,849.97
224.235,353.163,603.807
223.561,349.433,728.75
222.888,345.702,853.693
222.741,478.098,607.53
222.068,474.368,732.472
221.394,470.638,857.415
350.718,229.7,600.803
350.044,225.97,725.746
349.37,222.239,850.688
349.224,354.636,604.525
348.551,350.905,729.468
347.877,347.175,854.41
347.731,479.571,608.247
347.057,475.841,733.19
346.384,472.111,858.132
101.593,349.25,99.9968
101.247,349.476,224.996
100.9,349.703,349.995
104.397,474.218,99.7782
104.051,474.445,224.778
103.704,474.671,349.777
107.201,599.187,99.5596
106.855,599.413,224.559
106.508,599.639,349.558
226.561,346.446,100.348
226.215,346.673,225.347
225.868,346.899,350.347
229.365,471.415,100.129
229.019,471.641,225.129
228.672,471.868,350.128
232.169,596.383,99.9108
231.823,596.61,224.91
231.477,596.836,349.909
351.529,343.643,100.699
351.183,343.869,225.699
350.837,344.096,350.698
354.333,468.611,100.481
353.987,468.838,225.48
353.641,469.064,350.479
357.137,593.58,100.262
356.791,593.806,225.261
356.445,594.033,350.261
99.7465,351.702,224.206
99.9273,350.9,349.204
100.108,350.098,474.201
103.039,476.656,225.003
103.22,475.854,350.001
103.4,475.052,474.998
106.331,601.61,225.8
106.512,600.808,350.797
106.693,600.006,475.795
224.703,348.41,224.005
224.884,347.608,349.002
225.065,346.807,473.999
227.996,473.364,224.801
228.176,472.562,349.799
228.357,471.761,474.796
231.288,598.318,225.598
231.469,597.517,350.596
231.649,596.715,475.593
349.66,345.119,223.803
349.84,344.317,348.8
350.021,343.515,473.797
352.952,470.073,224.6
353.133,469.271,349.597
353.313,468.469,474.594
356.244,595.027,225.397
356.425,594.225,350.394
356.606,593.423,475.391
99.7212,351.54,350.918
97.994,350.244,475.899
96.2668,348.948,600.881
98.9292,476.531,352.203
97.2019,475.235,477.185
95.4747,473.939,602.166
98.1371,601.522,353.489
96.4099,600.225,478.47
94.6827,598.929,603.451
224.707,352.314,352.653
222.98,351.018,477.635
221.252,349.722,602.616
223.915,477.305,353.939
222.187,476.009,478.92
220.46,474.713,603.901
223.123,602.296,355.224
221.395,601,480.205
219.668,599.704,605.187
349.692,353.088,354.389
347.965,351.792,479.37
346.238,350.496,604.351
348.9,478.079,355.674
347.173,476.783,480.655
345.446,475.487,605.637
348.108,603.07,356.959
346.381,601.774,481.941
344.654,600.478,606.922
101.948,351.5,473.156
104.681,352.541,598.122
107.414,353.582,723.088
104.939,476.459,472.05
107.672,477.5,597.016
110.405,478.541,721.982
107.93,601.419,470.944
110.663,602.46,595.909
113.396,603.501,720.875
226.883,348.486,470.449
229.615,349.527,595.415
232.348,350.568,720.381
229.873,473.445,469.343
232.606,474.486,594.309
235.339,475.527,719.275
232.864,598.405,468.237
235.597,599.446,593.202
238.33,600.487,718.168
351.817,345.472,467.742
354.55,346.513,592.708
357.283,347.554,717.674
354.808,470.431,466.636
357.541,471.472,591.602
360.273,472.513,716.567
357.799,595.39,465.529
360.531,596.431,590.495
363.264,597.472,715.461
98.1214,350.463,601.489
97.4222,349.901,726.486
96.723,349.34,851.483
96.6498,475.453,602.042
95.9506,474.892,727.039
95.2514,474.33,852.036
95.1783,600.443,602.596
94.4791,599.882,727.593
93.7798,599.32,852.589
223.111,351.932,602.195
222.412,351.37,727.192
221.712,350.808,852.188
221.639,476.922,602.748
220.94,476.36,727.745
220.241,475.798,852.742
220.168,601.912,603.302
219.468,601.35,728.298
218.769,600.788,853.295
348.1,353.4,602.901
347.401,352.838,727.897
346.702,352.277,852.894
346.629,478.39,603.454
345.929,477.828,728.451
345.23,477.267,853.448
345.157,603.38,604.007
344.458,602.819,729.004
343.759,602.257,854.001
101.487,475.226,101.948
103.536,476.411,226.925
105.586,477.596,351.903
103.783,600.199,100.725
105.833,601.384,225.703
107.883,602.569,350.68
106.079,725.172,99.5025
108.129,726.357,224.48
110.179,727.541,349.458
226.449,472.91,99.92
228.499,474.095,224.898
230.548,475.28,349.875
228.745,597.883,98.6974
230.795,599.067,223.675
232.845,600.252,348.653
231.042,722.855,97.4748
233.091,724.04,222.452
235.141,725.225,347.43
351.411,470.594,97.8923
353.461,471.778,222.87
355.511,472.963,347.847
353.707,595.566,96.6698
355.757,596.751,221.647
357.807,597.936,346.625
356.004,720.539,95.4472
358.054,721.724,220.425
360.103,722.909,345.402
98.8857,473.87,225.579
98.8883,474.302,350.579
98.8909,474.733,475.578
95.6688,598.828,225.148
95.6714,599.259,350.147
95.674,599.691,475.147
92.4519,723.786,224.717
92.4545,724.217,349.716
92.4571,724.649,474.716
223.844,477.087,225.566
223.847,477.518,350.565
223.849,477.95,475.564
220.627,602.045,225.134
220.63,602.476,350.134
220.633,602.908,475.133
217.411,727.003,224.703
217.413,727.434,349.703
217.416,727.865,474.702
348.803,480.304,225.552
348.805,480.735,350.551
348.808,481.167,475.55
345.586,605.262,225.121
345.589,605.693,350.12
345.591,606.124,475.119
342.369,730.22,224.69
342.372,730.651,349.689
342.374,731.082,474.688
100.921,474.179,349.149
104.646,472.525,474.083
108.37,470.872,599.016
102.825,599.154,350.747
106.55,597.501,475.68
110.275,595.847,600.614
104.73,724.13,352.344
108.454,722.476,477.278
112.179,720.822,602.211
225.851,472.323,345.4
229.576,470.67,470.334
233.3,469.016,595.267
227.755,597.299,346.998
231.48,595.645,471.931
235.205,593.991,596.865
229.66,722.274,348.595
233.384,720.62,473.529
237.109,718.967,598.462
350.781,470.468,341.651
354.506,468.814,466.585
358.23,467.16,591.518
352.685,595.443,343.249
356.41,593.789,468.182
360.135,592.136,593.116
354.59,720.418,344.846
358.314,718.765,469.78
362.039,717.111,594.713
98.0608,474.041,474.807
99.9094,476.011,599.778
101.758,477.981,724.749
96.8238,599.02,472.856
98.6723,600.99,597.826
100.521,602.959,722.797
95.5867,723.998,470.904
97.4352,725.968,595.875
99.2837,727.938,720.846
223.041,475.249,472.939
224.89,477.219,597.91
226.738,479.189,722.881
221.804,600.228,470.988
223.653,602.197,595.959
225.501,604.167,720.93
220.567,725.206,469.036
222.415,727.176,594.007
224.264,729.146,718.978
348.021,476.457,471.072
349.87,478.427,596.043
351.718,480.397,721.013
346.784,601.436,469.12
348.633,603.405,594.091
350.481,605.375,719.062
345.547,726.414,467.169
347.396,728.384,592.139
349.244,730.354,717.11
101.28,474.262,598.54
99.5451,471.597,723.5
97.8101,468.932,848.459
102.195,599.23,601.218
100.46,596.565,726.177
98.7254,593.9,851.137
103.111,724.197,603.896
101.376,721.533,728.855
99.6407,718.868,853.815
226.265,473.309,600.255
224.53,470.645,725.215
222.795,467.98,850.174
227.18,598.277,602.933
225.445,595.612,727.892
223.71,592.948,852.852
228.095,723.245,605.611
226.36,720.58,730.57
224.625,717.916,855.53
351.249,472.357,601.97
349.514,469.692,726.93
347.779,467.028,851.889
352.165,597.325,604.648
350.43,594.66,729.608
348.695,591.995,854.567
353.08,722.293,607.326
351.345,719.628,732.285
349.61,716.963,857.245
99.4226,599.169,99.4689
100.69,597.411,224.45
101.958,595.653,349.431
103.149,724.102,101.188
104.417,722.344,226.17
105.685,720.585,351.151
106.876,849.034,102.908
108.144,847.276,227.889
109.411,845.518,352.87
224.361,595.46,98.1493
225.628,593.702,223.13
226.896,591.944,348.112
228.087,720.393,99.8688
229.355,718.635,224.85
230.623,716.877,349.831
231.814,845.326,101.588
233.082,843.568,226.57
234.349,841.81,351.551
349.299,591.752,96.8296
350.566,589.994,221.811
351.834,588.236,346.792
353.025,716.685,98.5492
354.293,714.926,223.53
355.561,713.168,348.512
356.752,841.617,100.269
358.02,839.859,225.25
359.287,838.101,350.231
100.648,599.037,223.732
96.8871,601.476,348.652
93.1258,603.916,473.571
97.293,723.966,221.192
93.5317,726.405,346.111
89.7703,728.845,471.031
93.9376,848.895,218.651
90.1762,851.334,343.571
86.4149,853.774,468.49
225.547,602.466,227.426
221.785,604.906,352.346
218.024,607.345,477.265
222.191,727.396,224.885
218.43,729.835,349.805
214.669,732.274,474.725
218.836,852.325,222.345
215.075,854.764,347.264
211.313,857.204,472.184
350.445,605.896,231.12
346.684,608.336,356.039
342.922,610.775,480.959
347.09,730.825,228.579
343.328,733.265,353.499
339.567,735.704,478.418
343.734,855.754,226.039
339.973,858.194,350.958
336.212,860.633,475.878
100.76,601.16,350.259
102.289,603.893,475.22
103.818,606.626,600.181
104.068,726.085,347.486
105.597,728.818,472.447
107.126,731.552,597.408
107.376,851.011,344.713
108.905,853.744,469.674
110.434,856.477,594.635
225.707,597.819,348.803
227.236,600.552,473.764
228.765,603.285,598.725
229.015,722.744,346.03
230.544,725.477,470.991
232.073,728.211,595.952
232.323,847.67,343.258
233.852,850.403,468.218
235.381,853.136,593.179
350.654,594.478,347.348
352.183,597.211,472.308
353.712,599.944,597.269
353.961,719.403,344.575
355.491,722.137,469.535
357.02,724.87,594.496
357.269,844.329,341.802
358.799,847.062,466.762
360.328,849.795,591.723
99.3408,600.184,476.785
97.7035,596.67,601.725
96.0662,593.157,726.665
101.472,725.116,480.326
99.8352,721.602,605.266
98.1979,718.088,730.206
103.604,850.047,483.867
101.967,846.534,608.807
100.33,843.02,733.747
224.312,598.007,478.361
222.675,594.493,603.301
221.037,590.98,728.241
226.444,722.939,481.903
224.806,719.425,606.842
223.169,715.911,731.782
228.575,847.87,485.444
226.938,844.357,610.384
225.301,840.843,735.324
349.283,595.83,479.938
347.646,592.316,604.878
346.008,588.803,729.818
351.415,720.762,483.479
349.777,717.248,608.419
348.14,713.734,733.359
353.546,845.693,487.02
351.909,842.18,611.96
350.272,838.666,736.9
98.0539,599.779,600.703
100.374,600.734,725.678
102.695,601.688,850.652
97.8363,724.776,599.752
100.157,725.73,724.727
102.477,726.685,849.702
97.6187,849.772,598.802
99.9391,850.726,723.776
102.26,851.681,848.751
223.032,599.979,598.381
225.353,600.934,723.356
227.673,601.888,848.33
222.815,724.976,597.43
225.135,725.93,722.405
227.455,726.884,847.38
222.597,849.972,596.48
224.917,850.926,721.454
227.238,851.881,846.429
348.01,600.179,596.059
350.331,601.134,721.034
352.651,602.088,846.008
347.793,725.175,595.108
350.113,726.13,720.083
352.434,727.084,845.058
347.575,850.172,594.158
349.896,851.126,719.132
352.216,852.081,844.107
223.229,99.6959,100.493
219.858,100.206,225.446
216.486,100.715,350.4
222.986,224.695,99.9764
219.614,225.204,224.93
216.243,225.714,349.883
222.743,349.693,99.4599
219.371,350.203,224.413
216,350.713,349.367
348.183,99.9528,103.863
344.812,100.463,228.816
341.441,100.972,353.77
347.94,224.952,103.347
344.569,225.461,228.3
341.198,225.971,353.253
347.697,349.95,102.83
344.326,350.46,227.784
340.955,350.97,352.737
473.137,100.21,107.233
469.766,100.719,232.187
466.395,101.229,357.14
472.894,225.208,106.717
469.523,225.718,231.67
466.152,226.228,356.624
472.651,350.207,106.2
469.28,350.717,231.154
465.909,351.227,356.107
225.404,101.899,225.794
222.571,104.868,350.726
219.738,107.837,475.659
222.228,226.822,222.753
219.395,229.791,347.685
216.562,232.76,472.618
219.052,351.744,219.712
216.219,354.713,344.645
213.386,357.683,469.577
350.331,105.142,228.55
347.498,108.111,353.482
344.665,111.08,478.415
347.155,230.065,225.509
344.322,233.034,350.441
341.49,236.003,475.374
343.98,354.987,222.468
341.147,357.956,347.4
338.314,360.926,472.333
475.259,108.385,231.305
472.426,111.354,356.238
469.593,114.323,481.171
472.083,233.308,228.264
469.25,236.277,353.197
466.417,239.246,478.13
468.907,358.23,225.224
466.074,361.199,350.156
463.241,364.169,475.089
226.238,99.2056,349.485
227.923,100.36,474.469
229.608,101.514,599.452
227.13,224.197,348.319
228.815,225.351,473.303
230.499,226.505,598.286
228.021,349.188,347.153
229.706,350.342,472.137
231.391,351.496,597.12
351.224,98.2984,347.809
352.908,99.4524,472.792
354.593,100.606,597.776
352.115,223.29,346.643
353.8,224.444,471.626
355.485,225.598,596.61
353.007,348.281,345.477
354.692,349.435,470.46
356.376,350.589,595.444
476.209,97.3912,346.133
477.894,98.5452,471.116
479.579,99.6992,596.099
477.101,222.383,344.966
478.785,223.537,469.95
480.47,224.691,594.933
477.992,347.374,343.8
479.677,348.528,468.784
481.362,349.682,593.767
225.409,101.631,474.753
223.138,97.9015,599.677
220.866,94.1724,724.601
223.301,226.558,478.444
221.03,222.829,603.368
218.758,219.1,728.292
221.193,351.486,482.135
218.922,347.757,607.059
216.65,344.028,731.983
350.371,103.67,477.087
348.099,99.941,602.01
345.827,96.2119,726.934
348.263,228.598,480.778
345.991,224.869,605.701
343.72,221.14,730.625
346.155,353.526,484.468
343.883,349.796,609.392
341.612,346.067,734.316
475.332,105.71,479.42
473.061,101.981,604.344
470.789,98.2515,729.267
473.225,230.637,483.111
470.953,226.908,608.035
468.681,223.179,732.958
471.117,355.565,486.802
468.845,351.836,611.725
466.573,348.107,736.649
224.735,99.5608,598.236
222.028,102.315,723.177
219.322,105.07,848.117
227.974,224.49,595.552
225.268,227.245,720.493
222.561,229.999,845.433
231.213,349.419,592.868
228.507,352.174,717.808
225.8,354.928,842.749
349.663,96.3813,601.013
346.957,99.1358,725.953
344.251,101.89,850.893
352.903,221.31,598.328
350.196,224.065,723.269
347.49,226.82,848.209
356.142,346.24,595.644
353.435,348.994,720.585
350.729,351.749,845.525
474.592,93.2017,603.789
471.886,95.9563,728.729
469.179,98.7108,853.669
477.831,218.131,601.105
475.125,220.885,726.045
472.419,223.64,850.985
481.07,343.06,598.42
478.364,345.815,723.361
475.658,348.569,848.301
224.132,224.67,99.5023
221.885,223.275,224.474
219.638,221.88,349.446
221.507,349.635,100.85
219.26,348.24,225.822
217.013,346.845,350.794
218.882,474.6,102.198
216.635,473.205,227.17
214.388,471.81,352.142
349.084,227.27,101.778
346.837,225.875,226.75
344.59,224.48,351.722
346.459,352.235,103.125
344.213,350.84,228.097
341.966,349.445,353.07
343.835,477.2,104.473
341.588,475.805,229.445
339.341,474.41,354.417
474.037,229.87,104.053
471.79,228.475,229.025
469.543,227.08,353.997
471.412,354.835,105.401
469.165,353.44,230.373
466.918,352.045,355.345
468.787,479.8,106.749
466.54,478.405,231.721
464.293,477.01,356.693
223.897,225.219,226.679
221.155,223.484,351.637
218.414,221.749,476.595
222.098,350.195,228.375
219.357,348.46,353.333
216.615,346.724,478.291
220.3,475.17,230.071
217.558,473.435,355.029
214.817,471.7,479.987
348.854,226.98,229.445
346.112,225.244,354.403
343.37,223.509,479.361
347.055,351.955,231.141
344.314,350.22,356.099
341.572,348.485,481.057
345.257,476.931,232.837
342.515,475.196,357.795
339.774,473.46,482.753
473.811,228.74,232.211
471.069,227.005,357.169
468.327,225.27,482.127
472.012,353.716,233.907
469.271,351.98,358.865
466.529,350.245,483.823
470.214,478.691,235.603
467.472,476.956,360.561
464.731,475.221,485.519
225.701,226.97,349.395
229.305,226.305,474.341
232.91,225.641,599.288
223.891,351.954,350.112
227.495,351.29,475.058
231.099,350.626,600.004
222.081,476.939,350.829
225.685,476.275,475.775
229.289,475.61,600.721
350.636,228.8,345.801
354.24,228.135,470.747
357.844,227.471,595.693
348.826,353.784,346.517
352.43,353.12,471.464
356.034,352.456,596.41
347.016,478.769,347.234
350.62,478.105,472.181
354.224,477.44,597.127
475.571,230.63,342.206
479.175,229.965,467.153
482.779,229.301,592.099
473.761,355.614,342.923
477.365,354.95,467.869
480.969,354.286,592.816
471.95,480.599,343.64
475.555,479.935,468.586
479.159,479.27,593.533
225.631,224.122,476.519
223.27,225.7,601.487
220.909,227.277,726.455
227.996,349.09,474.986
225.635,350.668,599.954
223.274,352.246,724.921
230.36,474.058,473.452
227.999,475.636,598.42
225.638,477.214,723.388
350.586,221.786,478.909
348.225,223.364,603.877
345.864,224.942,728.845
352.951,346.755,477.376
350.59,348.332,602.344
348.229,349.91,727.311
355.316,471.723,475.843
352.955,473.301,600.81
350.594,474.879,725.778
475.542,219.451,481.3
473.181,221.029,606.267
470.82,222.607,731.235
477.906,344.419,479.766
475.545,345.997,604.734
473.184,347.575,729.702
480.271,469.388,478.233
477.91,470.965,603.201
475.549,472.543,728.168
224.792,224.287,600.921
226.041,225.738,725.906
227.29,227.189,850.892
224.828,349.279,599.469
226.077,350.73,724.455
227.326,352.181,849.44
224.865,474.27,598.018
226.114,475.721,723.003
227.363,477.172,847.989
349.786,224.236,599.672
351.035,225.687,724.658
352.284,227.138,849.643
349.822,349.228,598.221
351.071,350.679,723.206
352.32,352.13,848.192
349.859,474.219,596.769
351.108,475.67,721.755
352.357,477.121,846.74
474.78,224.185,598.424
476.029,225.636,723.409
477.278,227.087,848.395
474.816,349.177,596.972
476.065,350.628,721.958
477.314,352.079,846.943
474.853,474.168,595.521
476.102,475.619,720.506
477.351,477.07,845.492
226.668,349.171,101.991
226.27,352.201,226.954
225.872,355.232,351.916
226.893,474.134,98.9616
226.495,477.165,223.924
226.097,480.195,348.887
227.117,599.097,95.932
226.719,602.128,220.895
226.321,605.158,345.857
351.667,348.957,102.394
351.27,351.987,227.357
350.872,355.017,352.32
351.892,473.92,99.3649
351.494,476.95,224.327
351.096,479.98,349.29
352.116,598.883,96.3352
351.718,601.913,221.298
351.32,604.943,346.261
476.667,348.742,102.798
476.269,351.772,227.76
475.871,354.803,352.723
476.891,473.705,99.7681
476.493,476.735,224.731
476.095,479.766,349.693
477.115,598.668,96.7385
476.717,601.699,221.701
476.319,604.729,346.664
223.736,351.528,226.476
223.788,352.062,351.475
223.841,352.596,476.473
226.859,476.488,225.941
226.912,477.022,350.94
226.964,477.556,475.938
229.982,601.448,225.406
230.035,601.982,350.405
230.088,602.516,475.403
348.697,348.405,226.436
348.749,348.939,351.435
348.802,349.473,476.434
351.82,473.365,225.901
351.873,473.899,350.9
351.925,474.433,475.899
354.943,598.325,225.366
354.996,598.859,350.365
355.048,599.392,475.364
473.657,345.282,226.397
473.71,345.816,351.395
473.763,346.349,476.394
476.781,470.242,225.862
476.833,470.776,350.86
476.886,471.309,475.859
479.904,595.202,225.327
479.957,595.735,350.325
480.009,596.269,475.324
224.157,348.701,348.912
224.324,345.515,473.872
224.492,342.329,598.831
223.111,473.656,352.1
223.278,470.47,477.059
223.445,467.284,602.018
222.065,598.611,355.287
222.232,595.425,480.247
222.399,592.239,605.206
349.153,349.751,348.772
349.32,346.565,473.731
349.487,343.379,598.691
348.107,474.706,351.959
348.274,471.52,476.919
348.441,468.334,601.878
347.06,599.661,355.147
347.228,596.475,480.106
347.395,593.289,605.066
474.148,350.801,348.632
474.315,347.615,473.591
474.483,344.429,598.55
473.102,475.756,351.819
473.269,472.57,476.778
473.436,469.384,601.738
472.056,600.711,355.007
472.223,597.525,479.966
472.39,594.339,604.925
224.614,350.852,475.69
221.894,348.04,600.629
219.174,345.227,725.568
227.286,475.791,478.561
224.566,472.978,603.5
221.846,470.165,728.439
229.958,600.729,481.432
227.238,597.917,606.371
224.517,595.104,731.31
349.556,348.119,478.349
346.836,345.307,603.288
344.115,342.494,728.227
352.228,473.058,481.22
349.507,470.245,606.159
346.787,467.432,731.097
354.9,597.996,484.091
352.179,595.183,609.03
349.459,592.371,733.968
474.498,345.386,481.008
471.777,342.573,605.946
469.057,339.761,730.885
477.169,470.325,483.879
474.449,467.512,608.817
471.729,464.699,733.756
479.841,595.263,486.75
477.121,592.45,611.688
474.401,589.638,736.627
226.599,349.897,599.584
223.775,349.206,724.55
220.952,348.515,849.516
229.62,474.858,600.343
226.796,474.167,725.309
223.972,473.476,850.275
232.64,599.819,601.102
229.816,599.128,726.068
226.993,598.437,851.034
351.531,346.86,602.39
348.707,346.169,727.356
345.883,345.478,852.322
354.551,471.821,603.149
351.727,471.13,728.115
348.904,470.439,853.081
357.572,596.782,603.908
354.748,596.091,728.874
351.924,595.4,853.84
476.462,343.823,605.196
473.639,343.132,730.162
470.815,342.441,855.128
479.483,468.784,605.955
476.659,468.093,730.921
473.835,467.402,855.887
482.503,593.745,606.714
479.68,593.054,731.68
476.856,592.363,856.646
225.503,475.203,100.17
223.13,473.08,225.13
220.758,470.958,350.089
223.543,600.17,102.255
221.17,598.048,227.215
218.798,595.925,352.174
221.583,725.137,104.341
219.21,723.015,229.3
216.838,720.893,354.26
350.465,477.123,102.575
348.093,475,227.535
345.72,472.878,352.494
348.505,602.09,104.661
346.133,599.967,229.62
343.76,597.845,354.579
346.545,727.057,106.746
344.172,724.935,231.705
341.8,722.812,356.665
475.427,479.042,104.98
473.055,476.92,229.94
470.682,474.798,354.899
473.467,604.01,107.066
471.095,601.887,232.025
468.722,599.765,356.985
471.507,728.977,109.151
469.135,726.855,234.11
466.762,724.732,359.07
226.315,476.102,224.525
228.158,472.36,349.456
230.001,468.619,474.386
226.183,601.046,228.269
228.026,597.304,353.199
229.869,593.563,478.13
226.051,725.989,232.013
227.894,722.248,356.943
229.737,718.507,481.874
351.301,476.289,222.687
353.144,472.547,347.618
354.987,468.806,472.548
351.17,601.233,226.431
353.013,597.491,351.361
354.855,593.75,476.292
351.038,726.176,230.175
352.881,722.435,355.105
354.724,718.694,480.035
476.288,476.476,220.849
478.131,472.734,345.779
479.974,468.993,470.71
476.156,601.42,224.593
477.999,597.678,349.523
479.842,593.937,474.453
476.024,726.363,228.336
477.867,722.622,353.267
479.71,718.881,478.197
224.489,476.02,350.546
225.631,479.122,475.503
226.772,482.224,600.459
227.239,600.95,347.42
228.38,604.052,472.376
229.522,607.155,597.332
229.989,725.881,344.293
231.13,728.983,469.25
232.272,732.085,594.206
349.454,473.242,349.474
350.595,476.344,474.43
351.736,479.446,599.387
352.204,598.173,346.347
353.345,601.275,471.304
354.486,604.377,596.26
354.954,723.104,343.221
356.095,726.206,468.177
357.236,729.308,593.133
474.418,470.465,348.402
475.56,473.567,473.358
476.701,476.669,598.314
477.168,595.395,345.275
478.31,598.498,470.231
479.451,601.6,595.188
479.918,720.326,342.148
481.059,723.428,467.105
482.201,726.53,592.061
226.4,473.641,475.262
227.402,476.856,600.217
228.403,480.071,725.171
224.235,598.581,472.065
225.237,601.796,597.019
226.238,605.011,721.974
222.07,723.522,468.867
223.071,726.737,593.822
224.073,729.952,718.777
351.377,475.78,474.205
352.379,478.995,599.16
353.381,482.21,724.115
349.212,600.72,471.008
350.214,603.935,595.962
351.215,607.15,720.917
347.047,725.66,467.81
348.049,728.875,592.765
349.05,732.09,717.72
476.354,477.918,473.148
477.356,481.133,598.103
478.358,484.348,723.058
474.189,602.859,469.951
475.191,606.074,594.906
476.193,609.289,719.86
472.024,727.799,466.754
473.026,731.014,591.708
474.028,734.229,716.663
225.042,473.112,601.058
223.041,473.413,726.042
221.04,473.713,851.025
226.373,598.105,600.779
224.372,598.405,725.762
222.371,598.706,850.746
227.704,723.097,600.499
225.703,723.398,725.483
223.702,723.698,850.466
350.019,471.786,603.062
348.018,472.086,728.046
346.017,472.387,853.029
351.35,596.778,602.783
349.349,597.079,727.766
347.348,597.379,852.75
352.681,721.771,602.503
350.68,722.071,727.487
348.679,722.372,852.471
474.996,470.459,605.066
472.995,470.76,730.05
470.994,471.06,855.033
476.327,595.452,604.787
474.326,595.752,729.77
472.325,596.053,854.754
477.658,720.444,604.507
475.657,720.745,729.491
473.656,721.046,854.475
225.942,601.571,100.518
227.007,602.445,225.51
228.071,603.32,350.502
226.768,726.565,99.6359
227.832,727.439,224.628
228.896,728.314,349.621
227.594,851.559,98.7543
228.658,852.434,223.747
229.722,853.308,348.739
350.935,600.737,99.4592
351.999,601.612,224.452
353.064,602.487,349.444
351.761,725.732,98.5776
352.825,726.606,223.57
353.889,727.481,348.562
352.586,850.726,97.6959
353.651,851.6,222.688
354.715,852.475,347.681
475.928,599.904,98.4009
476.992,600.779,223.393
478.056,601.654,348.386
476.754,724.899,97.5193
477.818,725.773,222.512
478.882,726.648,347.504
477.579,849.893,96.6376
478.643,850.767,221.63
479.708,851.642,346.622
225.216,599.084,226.677
225.688,597.925,351.671
226.159,596.766,476.665
222.613,724.051,227.846
223.084,722.892,352.84
223.556,721.733,477.833
220.009,849.019,229.015
220.481,847.86,354.008
220.952,846.701,479.002
350.188,601.692,226.23
350.66,600.533,351.224
351.131,599.374,476.218
347.585,726.659,227.399
348.056,725.5,352.392
348.528,724.341,477.386
344.981,851.626,228.567
345.453,850.467,353.561
345.924,849.308,478.555
475.16,604.299,225.783
475.632,603.14,350.777
476.103,601.981,475.77
472.557,729.267,226.952
473.028,728.108,351.945
473.5,726.949,476.939
469.953,854.234,228.12
470.425,853.075,353.114
470.896,851.916,478.108
225.734,600.978,348.66
224.643,602.021,473.651
223.552,603.063,598.642
224.304,725.965,347.605
223.213,727.008,472.596
222.122,728.05,597.587
222.874,850.953,346.55
221.783,851.995,471.541
220.692,853.038,596.532
350.721,602.418,349.739
349.63,603.46,474.73
348.539,604.503,599.721
349.291,727.405,348.684
348.2,728.447,473.675
347.109,729.49,598.666
347.861,852.392,347.629
346.77,853.435,472.62
345.679,854.477,597.611
475.708,603.857,350.818
474.617,604.9,475.809
473.526,605.942,600.8
474.278,728.845,349.763
473.187,729.887,474.754
472.096,730.93,599.745
472.848,853.832,348.708
471.757,854.874,473.699
470.666,855.917,598.69
223.169,598.93,473.997
226.756,602.3,598.9
230.342,605.67,723.803
220.368,723.855,470.707
223.954,727.225,595.61
227.541,730.595,720.513
217.566,848.78,467.417
221.153,852.15,592.32
224.739,855.52,717.223
348.086,601.635,470.337
351.673,605.005,595.24
355.259,608.375,720.143
345.285,726.56,467.047
348.871,729.93,591.95
352.458,733.3,716.853
342.483,851.485,463.757
346.07,854.855,588.66
349.656,858.225,713.563
473.003,604.34,466.677
476.59,607.71,591.58
480.176,611.08,716.483
470.202,729.265,463.387
473.788,732.635,588.29
477.375,736.005,713.193
467.4,854.19,460.097
470.987,857.56,585
474.573,860.93,709.903
226.231,600.803,601.632
223.515,599.711,726.598
220.799,598.619,851.564
228.201,725.782,602.767
225.485,724.69,727.733
222.769,723.598,852.699
230.171,850.762,603.903
227.455,849.67,728.868
224.739,848.577,853.834
351.186,598.809,604.33
348.47,597.717,729.296
345.754,596.625,854.262
353.156,723.789,605.466
350.44,722.696,730.431
347.724,721.604,855.397
355.126,848.768,606.601
352.41,847.676,731.566
349.694,846.583,856.532
476.141,596.815,607.028
473.425,595.723,731.994
470.709,594.631,856.96
478.111,721.795,608.164
475.395,720.702,733.129
472.679,719.61,858.095
480.081,846.774,609.299
477.365,845.682,734.265
474.649,844.589,859.23
350.648,100.851,101.865
350.126,97.4821,226.819
349.603,94.1132,351.772
347.245,225.76,105.219
346.722,222.391,230.172
346.2,219.022,355.126
343.842,350.668,108.572
343.319,347.299,233.526
342.797,343.93,358.479
475.601,104.239,102.479
475.078,100.87,227.433
474.556,97.5011,352.386
472.197,229.148,105.833
471.675,225.779,230.786
471.153,222.41,355.74
468.794,354.056,109.186
468.272,350.687,234.14
467.749,347.318,359.093
600.553,107.627,103.093
600.031,104.258,228.047
599.508,100.889,353
597.15,232.536,106.447
596.628,229.167,231.4
596.105,225.798,356.354
593.747,357.444,109.8
593.224,354.075,234.754
592.702,350.706,359.707
349.711,98.7632,226.024
350.044,101.165,351
350.378,103.566,475.977
352.498,223.709,223.615
352.832,226.11,348.592
353.165,228.512,473.568
355.286,348.655,221.207
355.619,351.056,346.183
355.952,353.458,471.16
474.68,95.9702,225.744
475.013,98.3718,350.721
475.346,100.773,475.697
477.467,220.916,223.336
477.8,223.317,348.312
478.133,225.719,473.289
480.254,345.862,220.928
480.587,348.263,345.904
480.92,350.665,470.881
599.648,93.1773,225.465
599.981,95.5788,350.442
600.314,97.9804,475.418
602.435,218.123,223.057
602.768,220.525,348.033
603.102,222.926,473.01
605.222,343.069,220.648
605.556,345.47,345.625
605.889,347.872,470.601
349.26,100.352,349.354
349.93,101.791,474.344
350.599,103.23,599.334
351.957,225.315,347.901
352.626,226.754,472.891
353.295,228.193,597.881
354.653,350.277,346.447
355.322,351.716,471.437
355.991,353.155,596.427
474.229,97.6483,348.716
474.899,99.0875,473.706
475.568,100.527,598.696
476.926,222.611,347.263
477.595,224.05,472.252
478.264,225.489,597.242
479.622,347.573,345.809
480.291,349.012,470.799
480.961,350.452,595.789
599.199,94.9446,348.078
599.868,96.3838,473.068
600.537,97.823,598.058
601.895,219.907,346.624
602.564,221.346,471.614
603.233,222.785,596.604
604.591,344.87,345.171
605.26,346.309,470.161
605.93,347.748,595.151
349.741,101.19,475.282
349.58,99.1983,600.266
349.419,97.2065,725.25
352.011,226.154,477.277
351.851,224.162,602.261
351.69,222.17,727.245
354.282,351.117,479.271
354.121,349.125,604.255
353.961,347.133,729.239
474.72,98.9171,475.407
474.559,96.9253,600.391
474.399,94.9335,725.375
476.991,223.881,477.401
476.83,221.889,602.385
476.669,219.897,727.369
479.261,348.844,479.395
479.101,346.852,604.379
478.94,344.86,729.363
599.699,96.6441,475.531
599.539,94.6523,600.515
599.378,92.6605,725.499
601.97,221.608,477.525
601.809,219.616,602.509
601.649,217.624,727.493
604.241,346.571,479.52
604.08,344.579,604.504
603.919,342.587,729.488
348.721,101.82,601.639
347.596,104.699,726.6
346.471,107.579,851.562
347.466,226.78,598.748
346.341,229.66,723.71
345.217,232.539,848.671
346.211,351.741,595.857
345.087,354.62,720.819
343.962,357.499,845.781
473.709,103.1,602.734
472.585,105.98,727.696
471.46,108.859,852.657
472.455,228.061,599.843
471.33,230.94,724.805
470.205,233.819,849.767
471.2,353.021,596.953
470.075,355.9,721.914
468.951,358.78,846.876
598.698,104.381,603.829
597.573,107.26,728.791
596.449,110.139,853.753
597.443,229.341,600.939
596.319,232.22,725.9
595.194,235.1,850.862
596.189,354.301,598.048
595.064,357.181,723.01
593.939,360.06,847.971
349.892,223.019,100.368
350.286,223.979,225.364
350.68,224.939,350.359
349.959,348.015,99.4078
350.353,348.975,224.403
350.747,349.935,349.399
350.026,473.012,98.4477
350.42,473.972,223.443
350.814,474.931,348.439
474.891,222.949,99.9744
475.285,223.909,224.97
475.679,224.869,349.966
474.958,347.945,99.0143
475.352,348.905,224.01
475.747,349.865,349.006
475.026,472.941,98.0542
475.42,473.901,223.05
475.814,474.861,348.046
599.891,222.879,99.5809
600.285,223.838,224.577
600.679,224.798,349.572
599.958,347.875,98.6208
600.352,348.835,223.617
600.746,349.795,348.612
600.025,472.871,97.6607
600.419,473.831,222.656
600.813,474.791,347.652
348.786,225.66,226.076
347.858,228.994,351.028
346.93,232.327,475.98
352.333,350.566,222.77
351.405,353.9,347.722
350.477,357.233,472.674
355.88,475.472,219.464
354.952,478.805,344.416
354.024,482.139,469.368
473.733,222.139,227.098
472.805,225.473,352.05
471.877,228.807,477.002
477.279,347.045,223.792
476.351,350.379,348.744
475.423,353.713,473.696
480.826,471.951,220.485
479.898,475.285,345.438
478.97,478.618,470.39
598.679,218.618,228.12
597.751,221.952,353.072
596.823,225.286,478.024
602.226,343.524,224.814
601.297,346.858,349.766
600.369,350.192,474.718
605.772,468.43,221.507
604.844,471.764,346.459
603.916,475.098,471.412
351.032,224,349.193
352.524,221.606,474.161
354.017,219.212,599.129
350.175,348.974,351.597
351.667,346.58,476.565
353.159,344.186,601.534
349.317,473.948,354.002
350.809,471.554,478.97
352.301,469.16,603.938
476.021,224.887,347.717
477.513,222.492,472.685
479.005,220.098,597.654
475.163,349.86,350.122
476.655,347.466,475.09
478.147,345.072,600.058
474.305,474.834,352.526
475.797,472.44,477.495
477.289,470.046,602.463
601.009,225.773,346.242
602.501,223.378,471.21
603.993,220.984,596.178
600.151,350.747,348.646
601.643,348.352,473.615
603.135,345.958,598.583
599.293,475.72,351.051
600.786,473.326,476.019
602.278,470.932,600.987
349.052,226.373,474.994
346.584,227.225,599.967
344.115,228.077,724.939
347.297,351.358,474.107
344.828,352.21,599.08
342.359,353.062,724.053
345.541,476.342,473.22
343.072,477.194,598.193
340.604,478.046,723.166
474.016,228.146,477.45
471.547,228.998,602.423
469.078,229.85,727.396
472.26,353.131,476.564
469.791,353.983,601.536
467.323,354.834,726.509
470.504,478.115,475.677
468.035,478.967,600.65
465.567,479.819,725.622
598.979,229.919,479.907
596.51,230.771,604.879
594.042,231.623,729.852
597.223,354.903,479.02
594.755,355.755,603.993
592.286,356.607,728.965
595.467,479.888,478.133
592.999,480.74,603.106
590.53,481.592,728.079
351.516,223.769,599.751
350.995,224.604,724.747
350.473,225.439,849.743
353.474,348.751,598.924
352.953,349.586,723.92
352.431,350.421,848.916
355.432,473.733,598.098
354.911,474.568,723.094
354.389,475.402,848.09
476.5,221.815,600.285
475.978,222.649,725.282
475.457,223.484,850.278
478.458,346.796,599.459
477.936,347.631,724.455
477.415,348.466,849.451
480.416,471.778,598.632
479.894,472.613,723.628
479.373,473.448,848.625
601.483,219.86,600.82
600.962,220.695,725.816
600.44,221.53,850.812
603.441,344.842,599.994
602.92,345.677,724.99
602.398,346.512,849.986
605.399,469.824,599.167
604.878,470.659,724.163
604.356,471.493,849.159
348.627,349.021,98.158
346.235,350.795,223.123
343.843,352.568,348.087
350.481,473.995,96.4201
348.089,475.769,221.385
345.697,477.542,346.349
352.335,598.97,94.6821
349.943,600.743,219.647
347.551,602.516,344.611
473.591,347.201,100.576
471.199,348.975,225.54
468.807,350.748,350.505
475.445,472.175,98.838
473.052,473.949,223.802
470.66,475.722,348.767
477.298,597.15,97.1
474.906,598.923,222.065
472.514,600.696,347.029
598.554,345.381,102.994
596.162,347.155,227.958
593.77,348.928,352.923
600.408,470.355,101.256
598.016,472.129,226.22
595.624,473.902,351.185
602.262,595.33,99.5179
599.87,597.103,224.482
597.478,598.876,349.447
348.419,349.371,226.649
352.018,351.021,351.586
355.617,352.672,476.524
346.823,474.351,225.044
350.422,476.001,349.982
354.021,477.651,474.919
345.227,599.33,223.439
348.826,600.981,348.377
352.425,602.631,473.314
473.357,350.92,223.03
476.956,352.57,347.967
480.555,354.221,472.905
471.761,475.9,221.425
475.36,477.55,346.363
478.959,479.2,471.3
470.165,600.879,219.82
473.764,602.53,344.758
477.363,604.18,469.695
598.295,352.469,219.411
601.894,354.119,344.348
605.493,355.77,469.286
596.699,477.449,217.806
600.298,479.099,342.743
603.897,480.749,467.681
595.103,602.428,216.201
598.702,604.079,341.139
602.301,605.729,466.076
351.633,350.528,350.555
352.943,351.032,475.547
354.253,351.537,600.539
348.207,475.48,350.086
349.518,475.984,475.079
350.828,476.489,600.071
344.782,600.432,349.618
346.092,600.937,474.61
347.402,601.441,599.602
476.579,353.949,349.231
477.889,354.453,474.223
479.2,354.957,599.215
473.154,478.901,348.763
474.464,479.405,473.755
475.774,479.909,598.747
469.728,603.853,348.295
471.038,604.357,473.287
472.348,604.861,598.279
601.525,357.369,347.908
602.836,357.873,472.9
604.146,358.378,597.892
598.1,482.321,347.439
599.41,482.826,472.431
600.72,483.33,597.424
594.674,607.273,346.971
595.984,607.778,471.963
597.294,608.282,596.955
348.033,348.267,476.39
348.927,344.665,601.335
349.821,341.063,726.28
350.342,473.195,479.975
351.236,469.592,604.92
352.13,465.99,729.865
352.651,598.122,483.56
353.545,594.52,608.505
354.439,590.917,733.45
473.008,345.985,475.43
473.902,342.383,600.375
474.796,338.781,725.32
475.317,470.912,479.015
476.211,467.31,603.96
477.105,463.708,728.905
477.626,595.839,482.6
478.52,592.237,607.545
479.414,588.635,732.49
597.984,343.703,474.47
598.878,340.1,599.415
599.772,336.498,724.36
600.293,468.63,478.055
601.187,465.028,603
602.081,461.425,727.945
602.602,593.557,481.64
603.496,589.955,606.585
604.39,586.353,731.53
350.343,351.918,599.093
350.876,351.978,724.092
351.41,352.037,849.091
348.616,476.906,599.042
349.149,476.966,724.04
349.683,477.025,849.039
346.889,601.894,598.99
347.422,601.954,723.988
347.956,602.013,848.987
475.33,353.645,598.559
475.863,353.704,723.558
476.397,353.764,848.557
473.603,478.633,598.507
474.136,478.692,723.506
474.67,478.752,848.505
471.876,603.621,598.455
472.409,603.681,723.454
472.943,603.74,848.453
600.317,355.372,598.025
600.85,355.431,723.024
601.384,355.491,848.023
598.59,480.36,597.973
599.123,480.419,722.972
599.657,480.479,847.971
596.863,605.348,597.921
597.396,605.407,722.92
597.93,605.467,847.919
350.871,476.951,99.0722
353.739,479.391,224.015
356.607,481.831,348.959
354.254,601.88,96.5548
357.122,604.32,221.498
359.991,606.76,346.441
357.638,726.809,94.0373
360.506,729.249,218.981
363.374,731.689,343.924
475.792,473.511,96.2717
478.66,475.951,221.215
481.528,478.391,346.158
479.176,598.44,93.7542
482.044,600.88,218.697
484.912,603.32,343.641
482.559,723.369,91.2368
485.428,725.809,216.18
488.296,728.249,341.123
600.713,470.071,93.4711
603.581,472.511,218.414
606.449,474.951,343.358
604.097,595,90.9537
606.965,597.44,215.897
609.833,599.88,340.84
607.481,719.929,88.4362
610.349,722.369,213.38
613.217,724.809,338.323
351.592,474.799,225.29
351.884,471.898,350.256
352.177,468.996,475.222
354.32,599.736,228.184
354.613,596.834,353.15
354.905,593.933,478.116
357.049,724.673,231.079
357.341,721.771,356.045
357.633,718.869,481.011
476.562,472.079,224.934
476.854,469.177,349.9
477.147,466.275,474.866
479.29,597.015,227.829
479.582,594.114,352.795
479.875,591.212,477.761
482.018,721.952,230.724
482.311,719.05,355.69
482.603,716.149,480.656
601.532,469.358,224.579
601.824,466.456,349.545
602.116,463.555,474.511
604.26,594.295,227.474
604.552,591.393,352.44
604.845,588.491,477.406
606.988,719.231,230.368
607.281,716.33,355.334
607.573,713.428,480.3
351.769,475.647,349.937
349.086,476.21,474.907
346.403,476.774,599.877
354.983,600.605,349.443
352.3,601.168,474.413
349.617,601.731,599.383
358.198,725.562,348.949
355.515,726.126,473.919
352.831,726.689,598.889
476.699,472.444,352.634
474.016,473.007,477.604
471.332,473.571,602.574
479.913,597.402,352.14
477.23,597.965,477.11
474.547,598.528,602.08
483.128,722.359,351.646
480.444,722.923,476.616
477.761,723.486,601.586
601.629,469.241,355.331
598.945,469.804,480.301
596.262,470.368,605.271
604.843,594.199,354.837
602.16,594.762,479.807
599.477,595.325,604.777
608.057,719.156,354.343
605.374,719.72,479.313
602.691,720.283,604.283
349.3,476.101,475.065
347.775,477.833,600.043
346.25,479.564,725.022
348.14,601.083,473.319
346.615,602.815,598.298
345.09,604.547,723.276
346.98,726.066,471.573
345.455,727.798,596.552
343.93,729.529,721.53
474.285,477.282,476.573
472.76,479.014,601.552
471.235,480.745,726.531
473.125,602.265,474.828
471.6,603.996,599.806
470.075,605.728,724.785
471.965,727.247,473.082
470.44,728.979,598.06
468.915,730.71,723.039
599.27,478.463,478.082
597.745,480.195,603.061
596.22,481.927,728.04
598.11,603.446,476.336
596.585,605.177,601.315
595.06,606.909,726.294
596.95,728.428,474.59
595.425,730.16,599.569
593.9,731.891,724.548
348.624,476.499,599.222
350.848,477.656,724.197
353.073,478.813,849.172
345.545,601.456,598.12
347.77,602.613,723.095
349.995,603.77,848.07
342.467,726.414,597.018
344.692,727.57,721.993
346.917,728.727,846.968
473.566,479.557,596.97
475.791,480.714,721.944
478.016,481.871,846.919
470.488,604.514,595.868
472.712,605.671,720.842
474.937,606.828,845.817
467.409,729.472,594.766
469.634,730.628,719.741
471.859,731.785,844.715
598.508,482.615,594.717
600.733,483.772,719.692
602.958,484.929,844.667
595.43,607.572,593.615
597.655,608.729,718.59
599.88,609.886,843.565
592.352,732.53,592.513
594.577,733.686,717.488
596.801,734.843,842.463
351.329,599.632,100.232
349.499,599.63,225.218
347.668,599.629,350.205
349.37,724.616,100.204
347.539,724.615,225.191
345.708,724.614,350.177
347.41,849.601,100.177
345.579,849.6,225.163
343.748,849.598,350.15
476.301,601.592,102.062
474.47,601.59,227.049
472.639,601.589,352.035
474.341,726.576,102.035
472.51,726.575,227.021
470.679,726.574,352.008
472.381,851.561,102.007
470.55,851.56,226.994
468.719,851.558,351.98
601.272,603.552,103.893
599.441,603.55,228.879
597.61,603.549,353.866
599.312,728.536,103.865
597.481,728.535,228.852
595.65,728.534,353.838
597.352,853.521,103.838
595.521,853.52,228.824
593.691,853.518,353.811
350.167,601.56,223.351
351.013,604.05,348.323
351.86,606.541,473.296
349.549,726.534,220.865
350.396,729.024,345.837
351.242,731.514,470.81
348.931,851.508,218.379
349.778,853.998,343.351
350.624,856.488,468.324
475.163,602.161,222.492
476.009,604.651,347.465
476.856,607.141,472.437
474.545,727.135,220.006
475.391,729.625,344.979
476.238,732.115,469.951
473.927,852.109,217.52
474.773,854.599,342.493
475.62,857.089,467.465
600.158,602.762,221.634
601.005,605.252,346.606
601.851,607.742,471.579
599.54,727.736,219.148
600.387,730.226,344.12
601.233,732.716,469.093
598.923,852.709,216.662
599.769,855.2,341.634
600.615,857.69,466.606
350.746,598.593,350.807
352.407,596.677,475.781
354.068,594.76,600.755
347.018,723.522,352.772
348.679,721.605,477.747
350.34,719.689,602.721
343.29,848.451,354.738
344.951,846.534,479.712
346.612,844.618,604.687
475.68,602.347,349.204
477.34,600.43,474.178
479.001,598.513,599.152
471.952,727.276,351.169
473.613,725.359,476.144
475.273,723.442,601.118
468.224,852.205,353.135
469.885,850.288,478.109
471.545,848.371,603.084
600.613,606.1,347.601
602.274,604.183,472.575
603.935,602.266,597.55
596.885,731.029,349.567
598.546,729.112,474.541
600.207,727.195,599.515
593.157,855.958,351.532
594.818,854.041,476.507
596.479,852.124,601.481
348.529,598.67,476.458
350.78,602.34,601.384
353.032,606.01,726.309
350.449,723.6,472.753
352.7,727.27,597.679
354.951,730.94,722.605
352.368,848.53,469.048
354.62,852.201,593.974
356.871,855.871,718.9
473.494,596.685,474.264
475.745,600.355,599.19
477.997,604.025,724.116
475.414,721.615,470.559
477.665,725.285,595.485
479.916,728.955,720.411
477.333,846.545,466.854
479.585,850.215,591.78
481.836,853.885,716.706
598.459,594.699,472.07
600.71,598.369,596.996
602.962,602.04,721.922
600.379,719.63,468.365
602.63,723.3,593.291
604.881,726.97,718.217
602.298,844.56,464.661
604.55,848.23,589.586
606.801,851.9,714.512
349.888,599.016,601.882
351.09,598.787,726.876
352.291,598.557,851.87
349.345,724.015,602.117
350.547,723.785,727.111
351.749,723.555,852.105
348.803,849.014,602.352
350.004,848.784,727.346
351.206,848.554,852.34
474.881,599.561,600.681
476.083,599.331,725.675
477.284,599.102,850.669
474.338,724.56,600.916
475.54,724.33,725.91
476.742,724.1,850.904
473.796,849.558,601.151
474.997,849.329,726.145
476.199,849.099,851.139
599.874,600.106,599.48
601.076,599.876,724.474
602.277,599.646,849.468
599.331,725.105,599.715
600.533,724.875,724.709
601.735,724.645,849.703
598.789,850.103,599.95
599.99,849.873,724.944
601.192,849.644,849.938
476.878,99.8822,98.7505
477.813,97.2325,223.719
478.747,94.5828,348.687
474.748,224.836,101.416
475.683,222.186,226.384
476.618,219.536,351.353
472.619,349.789,104.081
473.553,347.139,229.049
474.488,344.49,354.018
601.856,102.031,97.8613
602.791,99.3816,222.83
603.726,96.7319,347.798
599.727,226.985,100.527
600.661,224.335,225.495
601.596,221.685,350.463
597.597,351.938,103.192
598.532,349.288,228.16
599.466,346.639,353.129
726.835,104.18,96.9722
727.769,101.531,221.941
728.704,98.881,346.909
724.705,229.134,99.6374
725.64,226.484,224.606
726.574,223.834,349.574
722.575,354.087,102.303
723.51,351.437,227.271
724.445,348.788,352.24
473.032,99.4475,224.792
472.892,98.2504,349.786
472.752,97.0534,474.78
475.107,224.424,225.991
474.967,223.227,350.985
474.827,222.03,475.979
477.182,349.402,227.19
477.042,348.204,352.184
476.902,347.007,477.178
598.015,97.3713,224.912
597.875,96.1742,349.906
597.735,94.9772,474.9
600.09,222.348,226.111
599.95,221.151,351.105
599.81,219.954,476.099
602.165,347.325,227.31
602.025,346.128,352.304
601.885,344.931,477.298
722.998,95.295,225.032
722.858,94.098,350.026
722.718,92.901,475.02
725.073,220.272,226.231
724.933,219.075,351.225
724.793,217.878,476.219
727.148,345.249,227.43
727.008,344.052,352.424
726.868,342.855,477.418
474.282,100.319,350.672
477.472,101.749,475.623
480.661,103.179,600.574
473.952,225.31,349.249
477.141,226.741,474.201
480.331,228.171,599.152
473.621,350.302,347.827
476.81,351.732,472.778
480,353.162,597.729
599.241,100.613,347.479
602.431,102.044,472.43
605.62,103.474,597.381
598.911,225.605,346.056
602.1,227.035,471.007
605.289,228.465,595.959
598.58,350.596,344.634
601.769,352.026,469.585
604.959,353.457,594.536
724.2,100.908,344.286
727.39,102.338,469.237
730.579,103.768,594.188
723.869,225.899,342.863
727.059,227.329,467.814
730.248,228.76,592.766
723.539,350.891,341.441
726.728,352.321,466.392
729.918,353.751,591.343
476.041,100.133,473.259
479.046,100.953,598.22
482.051,101.773,723.181
476.031,225.13,472.439
479.036,225.95,597.4
482.041,226.77,722.361
476.021,350.127,471.619
479.026,350.947,596.58
482.031,351.767,721.541
601.005,100.123,470.254
604.01,100.943,595.215
607.015,101.763,720.176
600.995,225.12,469.434
604,225.94,594.395
607.005,226.76,719.356
600.985,350.117,468.614
603.99,350.937,593.575
606.995,351.757,718.536
725.969,100.113,467.249
728.974,100.933,592.21
731.979,101.753,717.171
725.959,225.11,466.429
728.964,225.93,591.39
731.969,226.75,716.351
725.949,350.107,465.609
728.954,350.927,590.57
731.959,351.747,715.531
473.121,101.591,600.041
470.989,104.854,724.98
468.857,108.117,849.919
472.515,226.546,596.767
470.383,229.81,721.706
468.251,233.073,846.645
471.909,351.502,593.492
469.777,354.765,718.432
467.645,358.029,843.371
598.102,102.252,602.156
595.97,105.516,727.095
593.838,108.779,852.035
597.496,227.208,598.882
595.364,230.471,723.821
593.232,233.735,848.76
596.89,352.164,595.608
594.758,355.427,720.547
592.626,358.69,845.486
723.082,102.914,604.272
720.95,106.177,729.211
718.818,109.44,854.15
722.476,227.869,600.997
720.344,231.133,725.937
718.212,234.396,850.876
721.87,352.825,597.723
719.738,356.088,722.663
717.606,359.352,847.602
474.523,225.671,99.46
474.486,228.596,224.426
474.449,231.521,349.392
473.984,350.635,96.5349
473.947,353.56,221.501
473.91,356.485,346.466
473.445,475.6,93.6098
473.408,478.525,218.576
473.371,481.45,343.541
599.522,226.21,99.4843
599.485,229.135,224.45
599.448,232.06,349.416
598.983,351.175,96.5592
598.946,354.1,221.525
598.909,357.025,346.491
598.444,476.14,93.6342
598.407,479.065,218.6
598.37,481.99,343.566
724.521,226.75,99.5086
724.484,229.675,224.474
724.447,232.6,349.44
723.982,351.715,96.5835
723.945,354.64,221.549
723.908,357.565,346.515
723.443,476.679,93.6585
723.406,479.604,218.624
723.369,482.529,343.59
475.767,225.618,226.108
474.423,227.315,351.089
473.08,229.012,476.07
474.883,350.603,224.401
473.539,352.3,349.382
472.196,353.997,474.364
473.999,475.588,222.694
472.655,477.285,347.676
471.311,478.983,472.657
600.756,226.52,227.439
599.413,228.217,352.42
598.069,229.914,477.402
599.872,351.505,225.732
598.529,353.202,350.714
597.185,354.9,475.695
598.988,476.491,224.026
597.645,478.188,349.007
596.301,479.885,473.988
725.746,227.422,228.771
724.402,229.12,353.752
723.059,230.817,478.733
724.862,352.408,227.064
723.518,354.105,352.045
722.175,355.802,477.026
723.978,477.393,225.357
722.634,479.09,350.339
721.291,480.787,475.32
475.349,225.21,350.689
476.869,225.15,475.68
478.389,225.09,600.671
475.329,350.21,350.749
476.849,350.15,475.74
478.369,350.09,600.731
475.31,475.209,350.809
476.83,475.15,475.8
478.35,475.09,600.791
600.34,225.23,349.169
601.86,225.17,474.16
603.38,225.11,599.151
600.32,350.23,349.229
601.84,350.17,474.22
603.36,350.11,599.211
600.3,475.23,349.289
601.82,475.17,474.28
603.34,475.11,599.271
725.33,225.25,347.649
726.85,225.19,472.64
728.37,225.131,597.631
725.311,350.25,347.709
726.831,350.19,472.7
728.351,350.13,597.691
725.291,475.25,347.769
726.811,475.19,472.76
728.331,475.13,597.751
473.84,225.242,475.504
476.383,227.19,600.463
478.925,229.139,725.422
475.331,350.217,473.525
477.874,352.165,598.484
480.416,354.114,723.443
476.822,475.192,471.546
479.364,477.141,596.505
481.907,479.089,721.464
598.806,223.711,472.985
601.348,225.66,597.944
603.891,227.608,722.903
600.296,348.687,471.006
602.839,350.635,595.965
605.381,352.583,720.924
601.787,473.662,469.027
604.329,475.61,593.986
606.872,477.559,718.945
723.771,222.181,470.466
726.313,224.129,595.425
728.856,226.078,720.384
725.262,347.156,468.487
727.804,349.105,593.446
730.346,351.053,718.405
726.752,472.131,466.508
729.295,474.08,591.467
731.837,476.028,716.426
474.481,225.859,598.095
478.194,226.267,723.04
481.907,226.674,847.984
472.801,350.848,597.738
476.514,351.255,722.682
480.227,351.662,847.626
471.121,475.836,597.38
474.834,476.243,722.324
478.547,476.651,847.269
599.414,227.528,594.377
603.128,227.936,719.321
606.841,228.343,844.266
597.734,352.516,594.02
601.447,352.924,718.964
605.161,353.331,843.908
596.054,477.505,593.662
599.767,477.912,718.606
603.481,478.319,843.55
724.348,229.197,590.659
728.061,229.604,715.603
731.774,230.012,840.547
722.668,354.185,590.301
726.381,354.592,715.246
730.094,355,840.19
720.988,479.173,589.944
724.701,479.581,714.888
728.414,479.988,839.832
475.154,351.04,98.1638
473.512,351.026,223.153
471.87,351.012,348.142
473.647,476.031,98.1576
472.005,476.017,223.147
470.363,476.003,348.136
472.14,601.021,98.1515
470.498,601.008,223.141
468.856,600.994,348.13
600.134,352.546,99.8057
598.492,352.533,224.795
596.85,352.519,349.784
598.627,477.537,99.7995
596.985,477.524,224.789
595.343,477.51,349.778
597.12,602.528,99.7934
595.478,602.515,224.783
593.836,602.501,349.772
725.114,354.053,101.448
723.472,354.04,226.437
721.83,354.026,351.426
723.607,479.044,101.441
721.965,479.031,226.431
720.323,479.017,351.42
722.1,604.035,101.435
720.458,604.022,226.425
718.816,604.008,351.414
473.327,349.297,225.211
471.84,347.882,350.195
470.353,346.466,475.178
476.056,474.259,226.659
474.569,472.843,351.642
473.082,471.428,476.625
478.785,599.22,228.106
477.298,597.805,353.089
475.811,596.39,478.072
598.288,346.551,226.667
596.801,345.136,351.65
595.314,343.721,476.633
601.017,471.513,228.114
599.53,470.098,353.098
598.043,468.682,478.081
603.746,596.474,229.562
602.259,595.059,354.545
600.772,593.644,479.528
723.249,343.805,228.123
721.762,342.39,353.106
720.275,340.975,478.089
725.978,468.767,229.57
724.491,467.352,354.553
723.004,465.936,479.536
728.707,593.729,231.017
727.22,592.313,356
725.733,590.898,480.984
475.449,351.117,349.588
472.199,350.433,474.544
468.949,349.75,599.499
474.605,476.112,350.249
471.355,475.429,475.205
468.105,474.745,600.161
473.762,601.108,350.911
470.511,600.424,475.867
467.261,599.741,600.823
600.404,351.943,352.842
597.154,351.26,477.798
593.904,350.576,602.754
599.56,476.938,353.504
596.31,476.255,478.46
593.06,475.572,603.416
598.716,601.934,354.166
595.466,601.25,479.122
592.216,600.567,604.078
725.359,352.769,356.097
722.109,352.086,481.053
718.858,351.402,606.009
724.515,477.765,356.759
721.265,477.081,481.715
718.015,476.398,606.671
723.671,602.76,357.421
720.421,602.077,482.376
717.171,601.393,607.332
473.553,350.146,475.228
471.453,349.464,600.208
469.352,348.782,725.189
472.512,475.14,475.892
470.412,474.458,600.873
468.312,473.776,725.853
471.472,600.134,476.557
469.371,599.452,601.537
467.271,598.77,726.518
598.531,351.175,477.334
596.431,350.494,602.314
594.33,349.812,727.295
597.49,476.169,477.998
595.39,475.487,602.979
593.29,474.806,727.959
596.45,601.163,478.663
594.349,600.481,603.643
592.249,599.8,728.624
723.509,352.205,479.44
721.409,351.523,604.42
719.308,350.841,729.401
722.468,477.199,480.104
720.368,476.517,605.085
718.268,475.835,730.065
721.428,602.193,480.769
719.327,601.511,605.749
717.227,600.829,730.73
474.636,351.38,601.79
471.531,347.854,726.702
468.425,344.328,851.613
474.473,476.33,605.313
471.367,472.804,730.225
468.262,469.279,855.136
474.31,601.281,608.836
471.204,597.755,733.747
468.098,594.229,858.659
599.598,351.456,604.899
596.492,347.93,729.811
593.386,344.404,854.723
599.435,476.406,608.422
596.329,472.88,733.334
593.223,469.354,858.245
599.271,601.356,611.945
596.166,597.83,736.857
593.06,594.304,861.768
724.559,351.531,608.008
721.453,348.005,732.92
718.347,344.479,857.832
724.396,476.481,611.531
721.29,472.956,736.443
718.184,469.43,861.355
724.233,601.432,615.054
721.127,597.906,739.966
718.021,594.38,864.878
474.98,473.163,101.159
472.393,473.828,226.131
469.807,474.494,351.102
475.494,598.16,100.505
472.908,598.826,225.476
470.322,599.491,350.448
476.008,723.158,99.8499
473.422,723.823,224.821
470.836,724.488,349.793
599.952,472.663,103.748
597.366,473.328,228.72
594.779,473.993,353.691
600.466,597.66,103.094
597.88,598.325,228.065
595.294,598.99,353.036
600.981,722.657,102.439
598.394,723.322,227.41
595.808,723.987,352.382
724.924,472.162,106.337
722.338,472.827,231.309
719.752,473.492,356.28
725.438,597.159,105.682
722.852,597.824,230.654
720.266,598.49,355.625
725.953,722.156,105.028
723.367,722.822,229.999
720.78,723.487,354.971
475.234,475.675,226.91
473.131,475.182,351.892
471.028,474.69,476.873
477.249,600.657,227.437
475.146,600.165,352.418
473.044,599.672,477.399
479.264,725.64,227.963
477.162,725.148,352.944
475.059,724.655,477.926
600.2,473.651,229.005
598.097,473.159,353.986
595.995,472.666,478.968
602.215,598.634,229.531
600.112,598.141,354.513
598.01,597.649,479.494
604.23,723.616,230.057
602.128,723.124,355.039
600.025,722.631,480.02
725.166,471.627,231.099
723.063,471.135,356.081
720.961,470.643,481.062
727.181,596.61,231.626
725.079,596.118,356.607
722.976,595.625,481.588
729.197,721.593,232.152
727.094,721.1,357.133
724.991,720.608,482.115
475.831,474.499,351.509
474.131,474.49,476.497
472.432,474.48,601.486
472.734,599.46,351.476
471.035,599.451,476.465
469.335,599.442,601.453
469.638,724.422,351.443
467.939,724.413,476.432
466.239,724.404,601.42
600.781,477.595,353.208
599.081,477.586,478.197
597.382,477.577,603.185
597.685,602.557,353.175
595.985,602.547,478.164
594.285,602.538,603.152
594.588,727.518,353.142
592.889,727.509,478.131
591.189,727.5,603.119
725.731,480.691,354.907
724.031,480.682,479.896
722.332,480.673,604.884
722.635,605.653,354.875
720.935,605.644,479.863
719.236,605.635,604.851
719.538,730.615,354.842
717.839,730.605,479.83
716.139,730.596,604.818
476.346,475.091,476.415
474.728,474.077,601.4
473.109,473.062,726.386
477.603,600.08,477.445
475.984,599.066,602.431
474.366,598.052,727.416
478.859,725.07,478.476
477.241,724.055,603.461
475.623,723.041,728.447
601.329,473.821,478.023
599.711,472.807,603.008
598.093,471.792,727.994
602.586,598.811,479.053
600.967,597.796,604.039
599.349,596.782,729.024
603.842,723.8,480.084
602.224,722.786,605.069
600.606,721.771,730.055
726.312,472.551,479.631
724.694,471.537,604.616
723.076,470.523,729.601
727.569,597.541,480.661
725.951,596.527,605.647
724.332,595.512,730.632
728.826,722.53,481.692
727.207,721.516,606.677
725.589,720.502,731.663
473.471,476.68,600.103
474.146,473.72,725.066
474.821,470.759,850.029
470.761,601.615,603.077
471.436,598.655,728.04
472.111,595.694,853.003
468.052,726.551,606.052
468.726,723.59,731.015
469.401,720.63,855.978
598.44,479.405,599.492
599.115,476.445,724.456
599.79,473.484,849.419
595.73,604.34,602.467
596.405,601.38,727.43
597.08,598.42,852.393
593.02,729.276,605.441
593.695,726.315,730.404
594.37,723.355,855.368
723.409,482.13,598.882
724.084,479.17,723.845
724.758,476.209,848.808
720.699,607.066,601.857
721.374,604.105,726.82
722.049,601.145,851.783
717.989,732.001,604.831
718.664,729.04,729.794
719.339,726.08,854.757
474.821,598.912,98.1016
478.106,597.476,223.05
481.391,596.041,347.999
473.53,723.896,99.5713
476.815,722.461,224.52
480.1,721.026,349.468
472.239,848.881,101.041
475.524,847.446,225.99
478.809,846.01,350.938
599.771,600.241,94.8317
603.056,598.805,219.78
606.341,597.37,344.729
598.48,725.225,96.3014
601.765,723.79,221.25
605.05,722.355,346.199
597.189,850.21,97.7711
600.474,848.775,222.72
603.759,847.339,347.668
724.721,601.57,91.5619
728.006,600.134,216.51
731.291,598.699,341.459
723.43,726.554,93.0315
726.715,725.119,217.98
730,723.684,342.929
722.139,851.539,94.5012
725.424,850.104,219.45
728.709,848.668,344.398
474.219,600.279,223.348
471.852,602.893,348.299
469.484,605.507,473.249
477.818,725.201,220.803
475.45,727.815,345.754
473.083,730.429,470.704
481.417,850.124,218.259
479.049,852.737,343.209
476.682,855.351,468.159
599.145,596.73,225.79
596.778,599.344,350.74
594.41,601.958,475.69
602.744,721.652,223.245
600.376,724.266,348.195
598.009,726.88,473.145
606.342,846.575,220.7
603.975,849.189,345.65
601.607,851.802,470.6
724.071,593.181,228.231
721.703,595.795,353.181
719.336,598.409,478.131
727.669,718.104,225.686
725.302,720.717,350.636
722.935,723.331,475.587
731.268,843.026,223.141
728.901,845.64,348.091
726.533,848.253,473.042
473.067,599.678,348.348
474.984,600.474,473.33
476.901,601.271,598.313
470.042,724.639,347.598
471.959,725.435,472.581
473.876,726.232,597.563
467.017,849.6,346.848
468.933,850.396,471.831
470.85,851.193,596.814
598.016,602.691,346.412
599.933,603.488,471.395
601.85,604.284,596.378
594.991,727.652,345.662
596.908,728.449,470.645
598.824,729.245,595.628
591.965,852.613,344.912
593.882,853.41,469.895
595.799,854.206,594.878
722.965,605.705,344.476
724.882,606.501,469.459
726.798,607.297,594.442
719.939,730.666,343.727
721.856,731.462,468.709
723.773,732.259,593.692
716.914,855.627,342.977
718.831,856.423,467.96
720.748,857.22,592.942
474.012,599.892,476.697
471.28,602.313,601.644
468.549,604.734,726.591
475.973,724.854,474.318
473.241,727.275,599.265
470.51,729.696,724.212
477.934,849.816,471.94
475.203,852.237,596.886
472.471,854.658,721.833
598.966,597.983,479.466
596.235,600.404,604.412
593.503,602.826,729.359
600.928,722.945,477.087
598.196,725.366,602.034
595.465,727.788,726.98
602.889,847.907,474.708
600.158,850.328,599.655
597.426,852.75,724.602
723.921,596.074,482.234
721.19,598.496,607.181
718.458,600.917,732.128
725.882,721.036,479.856
723.151,723.458,604.802
720.42,725.879,729.749
727.844,845.998,477.477
725.112,848.42,602.424
722.381,850.841,727.37
474.379,598.119,601.286
475.692,601.666,726.228
477.006,605.212,851.171
474.327,723.069,597.74
475.641,726.616,722.682
476.955,730.162,847.625
474.275,848.019,594.194
475.589,851.565,719.136
476.903,855.112,844.079
599.372,598.134,599.971
600.686,601.68,724.914
601.999,605.227,849.856
599.32,723.084,596.425
600.634,726.63,721.368
601.948,730.176,846.31
599.268,848.033,592.879
600.582,851.58,717.821
601.896,855.126,842.764
724.365,598.148,598.656
725.679,601.695,723.599
726.993,605.241,848.541
724.313,723.098,595.11
725.627,726.644,720.053
726.941,730.191,844.995
724.261,848.048,591.564
725.575,851.594,716.507
726.889,855.141,841.449
598.45,99.0419,99.7991
601.438,98.0449,224.759
604.427,97.0479,349.72
595.116,223.993,100.876
598.105,222.996,225.836
601.094,221.999,350.796
591.783,348.944,101.953
594.772,347.947,226.913
597.761,346.95,351.873
723.369,102.4,96.838
726.358,101.403,221.798
729.347,100.406,346.759
720.036,227.351,97.9147
723.025,226.354,222.875
726.014,225.357,347.835
716.703,352.302,98.9914
719.692,351.305,223.952
722.681,350.308,348.912
848.289,105.758,93.8769
851.278,104.761,218.837
854.267,103.764,343.797
844.956,230.709,94.9536
847.945,229.712,219.914
850.934,228.715,344.874
841.623,355.66,96.0303
844.612,354.663,220.991
847.6,353.666,345.951
599.447,99.9379,223.562
599.372,102.554,348.535
599.297,105.171,473.507
598.122,224.903,220.945
598.047,227.52,345.918
597.972,230.137,470.89
596.797,349.869,218.328
596.722,352.486,343.3
596.647,355.102,468.273
724.44,101.264,223.61
724.365,103.881,348.582
724.29,106.497,473.555
723.115,226.23,220.992
723.04,228.846,345.965
722.965,231.463,470.938
721.79,351.195,218.375
721.715,353.812,343.348
721.64,356.428,468.32
849.433,102.59,223.657
849.358,105.207,348.63
849.283,107.823,473.602
848.108,227.556,221.04
848.033,230.173,346.012
847.958,232.789,470.985
846.783,352.522,218.423
846.708,355.138,343.395
846.633,357.755,468.368
600.236,98.4608,349.577
602.327,98.12,474.559
604.418,97.7792,599.541
602.497,223.44,349.88
604.588,223.099,474.862
606.679,222.758,599.844
604.758,348.419,350.183
606.849,348.078,475.165
608.94,347.738,600.147
725.198,96.2054,347.48
727.289,95.8646,472.462
729.38,95.5238,597.444
727.459,221.185,347.783
729.55,220.844,472.765
731.641,220.503,597.747
729.72,346.164,348.086
731.811,345.823,473.068
733.902,345.482,598.05
850.16,93.9499,345.383
852.251,93.6091,470.365
854.342,93.2683,595.347
852.421,218.929,345.686
854.512,218.588,470.668
856.603,218.248,595.65
854.682,343.908,345.989
856.773,343.567,470.971
858.864,343.227,595.953
601.349,101.605,474.051
600.863,100.064,599.041
600.377,98.5233,724.03
604.435,226.558,475.604
603.949,225.017,600.593
603.463,223.476,725.583
607.521,351.51,477.157
607.035,349.969,602.146
606.549,348.428,727.136
726.31,98.5138,474.499
725.824,96.9727,599.489
725.338,95.4316,724.478
729.396,223.466,476.052
728.91,221.925,601.041
728.424,220.384,726.031
732.482,348.418,477.604
731.996,346.877,602.594
731.51,345.336,727.583
851.271,95.4222,474.947
850.785,93.8811,599.936
850.299,92.34,724.926
854.357,220.374,476.499
853.871,218.833,601.489
853.385,217.292,726.479
857.443,345.327,478.052
856.957,343.786,603.042
856.471,342.245,728.031
601.942,100.599,601.005
598.454,102.814,725.936
594.967,105.029,850.868
599.178,225.548,598.712
595.69,227.763,723.644
592.203,229.978,848.576
596.414,350.496,596.42
592.927,352.711,721.352
589.439,354.926,846.283
726.863,103.425,604.442
723.375,105.64,729.374
719.887,107.855,854.305
724.099,228.374,602.15
720.611,230.589,727.081
717.124,232.804,852.013
721.335,353.322,599.857
717.848,355.537,724.789
714.36,357.752,849.72
851.783,106.252,607.879
848.296,108.467,732.811
844.808,110.682,857.743
849.02,231.2,605.587
845.532,233.415,730.519
842.044,235.63,855.45
846.256,356.148,603.294
842.768,358.363,728.226
839.281,360.578,853.158
598.38,223.526,101.871
595.289,220.06,226.785
592.198,216.594,351.698
596.651,348.467,105.295
593.56,345.001,230.209
590.469,341.535,355.122
594.923,473.408,108.719
591.832,469.942,233.633
588.74,466.476,358.546
723.33,225.169,105.009
720.239,221.703,229.922
717.147,218.237,354.836
721.601,350.11,108.433
718.51,346.644,233.346
715.419,343.178,358.26
719.873,475.051,111.857
716.781,471.585,236.77
713.69,468.119,361.684
848.28,226.811,108.146
845.188,223.345,233.06
842.097,219.879,357.974
846.551,351.753,111.57
843.46,348.286,236.484
840.369,344.82,361.398
844.822,476.694,114.994
841.731,473.228,239.908
838.64,469.762,364.822
601.432,226.527,224.609
599.784,228.012,349.589
598.135,229.496,474.569
600.316,351.513,223.11
598.667,352.998,348.09
597.019,354.482,473.07
599.199,476.499,221.61
597.551,477.984,346.591
595.902,479.468,471.571
726.416,227.663,226.244
724.768,229.148,351.224
723.119,230.632,476.205
725.3,352.649,224.745
723.651,354.134,349.725
722.003,355.618,474.705
724.183,477.635,223.245
722.535,479.12,348.226
720.886,480.604,473.206
851.4,228.799,227.879
849.752,230.284,352.859
848.103,231.768,477.84
850.284,353.785,226.38
848.635,355.27,351.36
846.987,356.754,476.34
849.168,478.771,224.881
847.519,480.256,349.861
845.87,481.74,474.841
598.211,223.938,349.629
597.975,226.119,474.609
597.739,228.299,599.59
596.71,348.91,347.445
596.474,351.091,472.426
596.238,353.271,597.407
595.21,473.882,345.262
594.974,476.062,470.243
594.737,478.243,595.224
723.202,225.443,349.839
722.966,227.623,474.819
722.729,229.804,599.8
721.701,350.414,347.655
721.465,352.595,472.636
721.229,354.776,597.617
720.201,475.386,345.472
719.964,477.567,470.453
719.728,479.747,595.434
848.193,226.947,350.049
847.956,229.128,475.029
847.72,231.308,600.01
846.692,351.919,347.866
846.456,354.099,472.846
846.22,356.28,597.827
845.191,476.891,345.682
844.955,479.071,470.663
844.719,481.252,595.644
598.743,225.915,476.318
595.878,222.749,601.245
593.013,219.583,726.172
600.957,350.854,479.535
598.092,347.688,604.463
595.228,344.522,729.39
603.172,475.793,482.753
600.307,472.627,607.68
597.442,469.461,732.607
723.691,223.629,479.126
720.826,220.462,604.053
717.961,217.296,728.98
725.905,348.568,482.343
723.04,345.401,607.27
720.175,342.235,732.197
728.119,473.507,485.56
725.254,470.34,610.487
722.389,467.174,735.414
848.638,221.342,481.933
845.773,218.175,606.86
842.908,215.009,731.787
850.852,346.281,485.15
847.988,343.114,610.077
845.123,339.948,735.005
853.067,471.22,488.368
850.202,468.053,613.295
847.337,464.887,738.222
600.283,224.548,599.409
602.207,224.488,724.394
604.132,224.428,849.379
603.12,349.515,599.425
605.045,349.455,724.41
606.969,349.395,849.396
605.957,474.483,599.442
607.882,474.423,724.427
609.806,474.363,849.412
725.236,221.711,597.484
727.16,221.651,722.469
729.085,221.591,847.454
728.073,346.679,597.5
729.997,346.619,722.485
731.922,346.559,847.47
730.91,471.647,597.516
732.835,471.587,722.501
734.759,471.527,847.486
850.189,218.874,595.558
852.113,218.814,720.543
854.038,218.754,845.528
853.026,343.842,595.574
854.95,343.782,720.56
856.875,343.722,845.545
855.863,468.81,595.591
857.788,468.75,720.576
859.712,468.69,845.561
599.519,348.896,98.0581
596.233,350.589,223.003
592.946,352.282,347.949
597.618,473.87,96.3147
594.331,475.562,221.26
591.045,477.255,346.205
595.717,598.843,94.5714
592.43,600.536,219.517
589.144,602.229,344.462
724.461,350.842,101.318
721.175,352.535,226.263
717.889,354.228,351.209
722.56,475.816,99.5747
719.274,477.509,224.52
715.987,479.202,349.465
720.659,600.789,97.8314
717.372,602.482,222.777
714.086,604.175,347.722
849.404,352.789,104.578
846.117,354.482,229.523
842.831,356.175,354.469
847.502,477.762,102.835
844.216,479.455,227.78
840.93,481.148,352.725
845.601,602.735,101.091
842.315,604.428,226.037
839.028,606.121,350.982
598.761,351.864,223.578
598.629,352.966,348.573
598.497,354.069,473.568
602.259,476.81,222.48
602.127,477.912,347.475
601.994,479.015,472.47
605.756,601.756,221.381
605.624,602.859,346.376
605.492,603.961,471.371
723.712,348.367,223.741
723.58,349.47,348.736
723.448,350.573,473.731
727.21,473.314,222.642
727.078,474.416,347.637
726.945,475.519,472.633
730.707,598.26,221.544
730.575,599.362,346.539
730.443,600.465,471.534
848.663,344.871,223.904
848.531,345.974,348.899
848.399,347.076,473.894
852.161,469.817,222.805
852.028,470.92,347.8
851.896,472.023,472.795
855.658,594.764,221.707
855.526,595.866,346.702
855.394,596.969,471.697
601.636,351.361,348.038
599.984,350.354,473.023
598.331,349.348,598.008
603.048,476.349,349.064
601.395,475.342,474.049
599.743,474.335,599.034
604.459,601.337,350.089
602.807,600.33,475.074
601.154,599.323,600.06
726.617,349.937,349.679
724.965,348.93,474.664
723.312,347.923,599.649
728.029,474.924,350.705
726.376,473.918,475.69
724.724,472.911,600.675
729.44,599.912,351.731
727.788,598.905,476.716
726.135,597.898,601.701
851.599,348.512,351.32
849.946,347.505,476.306
848.293,346.498,601.291
853.01,473.5,352.346
851.357,472.493,477.331
849.705,471.486,602.316
854.421,598.487,353.372
852.769,597.481,478.357
851.116,596.474,603.342
600.559,350.641,475.546
599.131,347.365,600.495
597.702,344.089,725.443
598.843,475.587,478.802
597.415,472.311,603.751
595.986,469.035,728.7
597.128,600.533,482.058
595.699,597.257,607.007
594.271,593.981,731.956
725.539,352.319,477.018
724.111,349.043,601.967
722.682,345.767,726.916
723.823,477.265,480.275
722.395,473.989,605.224
720.967,470.713,730.173
722.108,602.211,483.531
720.679,598.935,608.48
719.251,595.658,733.429
850.519,353.997,478.491
849.091,350.721,603.44
847.662,347.445,728.389
848.804,478.943,481.748
847.375,475.667,606.697
845.947,472.391,731.645
847.088,603.889,485.004
845.659,600.612,609.953
844.231,597.336,734.902
599.439,348.758,599.172
597.014,352.409,724.095
594.588,356.059,849.018
599.104,473.704,595.515
596.679,477.355,720.438
594.254,481.005,845.361
598.77,598.65,591.857
596.344,602.301,716.781
593.919,605.951,841.704
724.415,349.164,601.587
721.99,352.814,726.51
719.564,356.464,851.433
724.08,474.11,597.929
721.655,477.76,722.852
719.23,481.41,847.776
723.746,599.056,594.272
721.32,602.706,719.195
718.895,606.356,844.118
849.391,349.569,604.001
846.966,353.219,728.924
844.54,356.87,853.848
849.056,474.515,600.344
846.631,478.165,725.267
844.206,481.816,850.19
848.722,599.461,596.687
846.296,603.111,721.61
843.871,606.762,846.533
601.24,476.872,98.9492
603.625,478.426,223.917
606.01,479.981,348.884
598.861,601.84,97.44
601.245,603.395,222.408
603.63,604.949,347.375
596.481,726.808,95.9309
598.866,728.363,220.898
601.251,729.918,345.866
726.195,479.222,96.5353
728.58,480.777,221.503
730.965,482.331,346.47
723.815,604.19,95.0262
726.2,605.745,219.994
728.585,607.3,344.961
721.435,729.159,93.517
723.82,730.713,218.485
726.205,732.268,343.452
851.149,481.572,94.1215
853.534,483.127,219.089
855.919,484.682,344.057
848.77,606.541,92.6123
851.155,608.095,217.58
853.539,609.65,342.547
846.39,731.509,91.1032
848.775,733.064,216.071
851.16,734.618,341.038
601.217,476.346,225.562
602.327,475.599,350.555
603.436,474.852,475.548
598.845,601.321,226.33
599.955,600.574,351.323
601.065,599.827,476.316
596.474,726.296,227.098
597.583,725.549,352.091
598.693,724.802,477.084
726.189,478.724,224.467
727.299,477.977,349.46
728.409,477.23,474.452
723.818,603.7,225.235
724.928,602.952,350.227
726.037,602.205,475.22
721.446,728.675,226.003
722.556,727.928,350.995
723.666,727.181,475.988
851.162,481.103,223.371
852.272,480.356,348.364
853.381,479.609,473.357
848.79,606.078,224.139
849.9,605.331,349.132
851.01,604.584,474.125
846.419,731.053,224.907
847.528,730.306,349.9
848.638,729.559,474.893
598.917,475.859,349.528
597.477,477.545,474.508
596.038,479.231,599.489
601.66,600.818,347.874
600.221,602.504,472.854
598.782,604.19,597.835
604.404,725.777,346.22
602.964,727.463,471.2
601.525,729.149,596.181
723.878,473.135,351.004
722.439,474.821,475.984
721,476.507,600.964
726.622,598.094,349.35
725.183,599.78,474.33
723.743,601.466,599.31
729.365,723.053,347.696
727.926,724.739,472.676
726.487,726.425,597.656
848.84,470.411,352.479
847.401,472.097,477.46
845.961,473.783,602.44
851.583,595.37,350.825
850.144,597.056,475.806
848.705,598.742,600.786
854.327,720.329,349.171
852.888,722.015,474.152
851.448,723.701,599.132
601.665,474.748,474.631
603.345,474.744,599.619
605.025,474.739,724.608
601.579,599.748,474.636
603.259,599.744,599.625
604.939,599.739,724.614
601.493,724.748,474.642
603.173,724.744,599.631
604.853,724.739,724.619
726.654,474.834,472.951
728.334,474.83,597.939
730.014,474.826,722.928
726.567,599.834,472.956
728.247,599.83,597.945
729.928,599.826,722.934
726.481,724.834,472.962
728.161,724.83,597.951
729.841,724.826,722.939
851.642,474.921,471.271
853.322,474.916,596.259
855.002,474.912,721.248
851.556,599.921,471.276
853.236,599.916,596.265
854.916,599.912,721.254
851.47,724.921,471.282
853.15,724.916,596.271
854.83,724.912,721.259
601.712,473.151,601.892
598.365,469.732,726.801
595.018,466.313,851.709
601.574,598.104,605.308
598.227,594.685,730.217
594.881,591.266,855.125
601.437,723.057,608.725
598.09,719.638,733.633
594.743,716.22,858.542
726.667,473.197,605.242
723.32,469.778,730.15
719.973,466.359,855.058
726.529,598.15,608.658
723.182,594.731,733.566
719.836,591.313,858.475
726.392,723.103,612.074
723.045,719.684,736.983
719.698,716.266,861.891
851.622,473.243,608.591
848.275,469.824,733.499
844.928,466.405,858.408
851.484,598.196,612.007
848.138,594.777,736.916
844.791,591.359,861.824
851.347,723.149,615.423
848,719.731,740.332
844.653,716.312,865.24
598.602,601.328,98.9626
598.461,598.782,223.937
598.32,596.235,348.911
600.629,726.286,101.511
600.488,723.739,226.485
600.346,721.193,351.459
602.656,851.243,104.06
602.515,848.697,229.034
602.373,846.15,354.007
723.586,599.299,99.0625
723.444,596.752,224.037
723.303,594.206,349.01
725.613,724.257,101.611
725.471,721.71,226.585
725.33,719.163,351.559
727.639,849.214,104.16
727.498,846.668,229.133
727.357,844.121,354.107
848.569,597.27,99.1625
848.428,594.723,224.136
848.287,592.177,349.11
850.596,722.227,101.711
850.455,719.681,226.685
850.313,717.134,351.659
852.623,847.185,104.259
852.482,844.638,229.233
852.34,842.092,354.207
601.47,599.671,223.419
601.336,598.106,348.41
601.201,596.541,473.4
601.385,724.661,224.984
601.25,723.096,349.974
601.116,721.531,474.965
601.299,849.651,226.549
601.164,848.086,351.539
601.03,846.521,476.53
726.47,599.755,223.555
726.336,598.19,348.545
726.201,596.625,473.535
726.384,724.745,225.12
726.25,723.18,350.11
726.116,721.615,475.1
726.299,849.735,226.685
726.164,848.17,351.675
726.03,846.605,476.665
851.47,599.839,223.69
851.336,598.274,348.681
851.201,596.709,473.671
851.384,724.829,225.255
851.25,723.264,350.246
851.115,721.699,475.236
851.299,849.819,226.82
851.164,848.254,351.81
851.03,846.689,476.801
599.648,599.383,349.547
597.149,598.649,474.52
594.65,597.915,599.493
602.329,724.351,350.335
599.83,723.618,475.308
597.331,722.884,600.28
605.01,849.32,351.122
602.511,848.586,476.095
600.012,847.853,601.068
724.594,596.686,352.03
722.095,595.952,477.003
719.596,595.219,601.975
727.275,721.655,352.817
724.776,720.921,477.79
722.277,720.187,602.763
729.956,846.624,353.605
727.457,845.89,478.577
724.959,845.156,603.55
849.54,593.99,354.512
847.041,593.256,479.485
844.543,592.522,604.458
852.221,718.959,355.3
849.723,718.225,480.272
847.224,717.491,605.245
854.902,843.928,356.087
852.404,843.194,481.06
849.905,842.46,606.033
598.9,600.532,474.128
596.48,598.946,599.095
594.06,597.361,724.061
597.205,725.511,475.681
594.785,723.925,600.648
592.365,722.34,725.614
595.51,850.49,477.234
593.09,848.904,602.201
590.67,847.318,727.167
723.865,602.197,476.569
721.445,600.611,601.536
719.025,599.025,726.502
722.17,727.176,478.122
719.75,725.59,603.089
717.33,724.004,728.055
720.475,852.155,479.675
718.055,850.569,604.642
715.635,848.983,729.608
848.83,603.862,479.01
846.41,602.276,603.977
843.99,600.69,728.943
847.135,728.84,480.563
844.715,727.255,605.53
842.295,725.669,730.496
845.44,853.819,482.116
843.02,852.234,607.083
840.6,850.648,732.049
600.318,600.197,601.519
602.552,600.59,726.499
604.786,600.984,851.478
601.735,725.188,601.1
603.969,725.582,726.08
606.203,725.975,851.059
603.152,850.179,600.681
605.386,850.573,725.661
607.62,850.967,850.64
725.29,598.773,599.29
727.524,599.166,724.269
729.758,599.56,849.248
726.707,723.764,598.871
728.941,724.158,723.85
731.175,724.551,848.829
728.124,848.755,598.452
730.358,849.149,723.431
732.592,849.542,848.41
850.262,597.348,597.06
852.496,597.742,722.039
854.73,598.136,847.019
851.679,722.34,596.641
853.913,722.733,721.62
856.147,723.127,846.6
853.096,847.331,596.222
855.33,847.725,721.201
857.564,848.118,846.181
