27,125,OUTPUT/pa2-debug-b-output-1.txt
196.772,196.75,209.598
315.604,333.681,128.99
101.158,101.216,99.8322
104.009,101.351,224.8
106.859,101.486,349.767
99.0696,226.199,99.7448
101.92,226.334,224.712
104.77,226.469,349.68
96.9808,351.181,99.6573
99.8312,351.316,224.625
102.681,351.451,349.592
226.108,103.302,96.98
228.959,103.437,221.947
231.809,103.573,346.915
224.02,228.285,96.8926
226.87,228.42,221.86
229.72,228.555,346.827
221.931,353.267,96.8051
224.781,353.403,221.773
227.632,353.538,346.74
351.059,105.389,94.1279
353.909,105.524,219.095
356.759,105.659,344.063
348.97,230.371,94.0404
351.82,230.506,219.008
354.67,230.641,343.975
346.881,355.354,93.9529
349.731,355.489,218.92
352.582,355.624,343.888
99.2772,98.3176,225.538
98.2934,99.4144,350.529
97.3097,100.511,475.521
98.2952,223.309,224.434
97.3115,224.406,349.425
96.3277,225.502,474.416
97.3133,348.3,223.329
96.3295,349.397,348.32
95.3458,350.494,473.312
224.269,99.3082,226.513
223.286,100.405,351.504
222.302,101.502,476.496
223.287,224.299,225.409
222.304,225.396,350.4
221.32,226.493,475.391
222.306,349.291,224.304
221.322,350.388,349.296
220.338,351.484,474.287
349.262,100.299,227.488
348.278,101.396,352.48
347.294,102.492,477.471
348.28,225.29,226.384
347.296,226.387,351.375
346.312,227.484,476.366
347.298,350.281,225.279
346.314,351.378,350.271
345.33,352.475,475.262
101.985,98.1196,351.078
98.8786,99.7193,476.029
95.7722,101.319,600.98
105.178,223.07,349.558
102.072,224.669,474.509
98.9655,226.269,599.46
108.372,348.02,348.037
105.265,349.619,472.989
102.159,351.219,597.94
226.906,94.9654,354.224
223.799,96.565,479.175
220.693,98.1647,604.126
230.099,219.915,352.704
226.993,221.515,477.655
223.886,223.115,602.606
233.292,344.865,351.184
230.186,346.465,476.135
227.079,348.065,601.086
351.826,91.8111,357.37
348.72,93.4108,482.321
345.613,95.0105,607.273
355.02,216.761,355.85
351.913,218.361,480.801
348.807,219.96,605.752
358.213,341.711,354.33
355.106,343.311,479.281
352,344.91,604.232
99.4307,98.6174,475.709
96.5357,96.0666,600.649
93.6408,93.5158,725.59
95.9762,223.545,478.18
93.0813,220.994,603.12
90.1863,218.444,728.06
92.5218,348.473,480.65
89.6268,345.922,605.59
86.7319,343.371,730.531
224.349,102.013,478.673
221.454,99.4622,603.613
218.56,96.9114,728.554
220.895,226.941,481.143
218,224.39,606.084
215.105,221.839,731.024
217.44,351.869,483.614
214.546,349.318,608.554
211.651,346.767,733.495
349.268,105.409,481.637
346.373,102.858,606.577
343.478,100.307,731.517
345.814,230.336,484.107
342.919,227.786,609.048
340.024,225.235,733.988
342.359,355.264,486.578
339.464,352.713,611.518
336.569,350.163,736.458
98.6807,98.2394,599.728
100.609,99.0846,724.71
102.537,99.9299,849.692
99.126,223.236,598.876
101.054,224.081,723.858
102.983,224.926,848.84
99.5713,348.232,598.023
101.5,349.077,723.006
103.428,349.922,847.988
223.665,97.7809,597.802
225.593,98.6262,722.785
227.522,99.4715,847.767
224.11,222.777,596.95
226.039,223.623,721.933
227.967,224.468,846.915
224.556,347.774,596.098
226.484,348.619,721.08
228.412,349.464,846.063
348.649,97.3225,595.877
350.578,98.1678,720.859
352.506,99.013,845.842
349.095,222.319,595.025
351.023,223.164,720.007
352.951,224.009,844.989
349.54,347.315,594.173
351.468,348.16,719.155
353.397,349.006,844.137
98.6678,223.87,99.5706
99.4731,222.33,224.559
100.278,220.79,349.546
95.3026,348.815,101.132
96.1079,347.275,226.12
96.9132,345.735,351.108
91.9375,473.76,102.693
92.7427,472.22,227.681
93.548,470.68,352.669
223.62,227.245,98.8071
224.425,225.705,223.795
225.23,224.165,348.783
220.255,352.19,100.368
221.06,350.65,225.356
221.865,349.11,350.344
216.89,477.135,101.93
217.695,475.595,226.917
218.5,474.055,351.905
348.572,230.62,98.0437
349.377,229.08,223.032
350.183,227.54,348.02
345.207,355.565,99.6049
346.012,354.025,224.593
346.817,352.485,349.581
341.842,480.51,101.166
342.647,478.97,226.154
343.452,477.43,351.142
100.203,225.221,225.422
100.071,228.276,350.384
99.9403,231.332,475.347
100.982,350.181,222.367
100.851,353.236,347.33
100.72,356.292,472.292
101.762,475.141,219.313
101.631,478.197,344.275
101.5,481.252,469.238
225.2,224.444,225.572
225.069,227.5,350.535
224.938,230.555,475.497
225.98,349.405,222.517
225.849,352.46,347.48
225.718,355.515,472.443
226.76,474.365,219.463
226.629,477.42,344.425
226.497,480.476,469.388
350.198,223.668,225.722
350.066,226.723,350.685
349.935,229.779,475.647
350.977,348.628,222.668
350.846,351.684,347.63
350.715,354.739,472.593
351.757,473.588,219.613
351.626,476.644,344.576
351.495,479.699,469.538
101.64,226.583,349.973
99.2048,229.914,474.904
96.7698,233.244,599.836
104.994,351.496,346.708
102.559,354.826,471.64
100.124,358.156,596.572
108.348,476.408,343.443
105.913,479.738,468.375
103.478,483.069,593.307
226.571,223.295,352.495
224.136,226.625,477.427
221.701,229.956,602.359
229.925,348.207,349.231
227.49,351.537,474.162
225.055,354.868,599.094
233.279,473.119,345.966
230.844,476.45,470.898
228.409,479.78,595.83
351.502,220.006,355.018
349.067,223.337,479.95
346.632,226.667,604.882
354.856,344.919,351.753
352.421,348.249,476.685
349.986,351.579,601.617
358.21,469.831,348.489
355.775,473.161,473.421
353.34,476.492,598.352
100.678,225.199,476.347
100.306,224.669,601.345
99.9345,224.139,726.344
97.0159,350.144,476.866
96.6442,349.615,601.864
96.2725,349.085,726.863
93.3539,475.09,477.385
92.9822,474.56,602.383
92.6105,474.03,727.381
225.624,228.86,476.734
225.252,228.33,601.732
224.88,227.8,726.731
221.962,353.805,477.253
221.59,353.275,602.251
221.218,352.745,727.25
218.3,478.75,477.772
217.928,478.22,602.77
217.556,477.69,727.768
350.57,232.52,477.121
350.198,231.99,602.119
349.826,231.46,727.118
346.907,357.465,477.64
346.536,356.935,602.638
346.164,356.406,727.637
343.245,482.411,478.159
342.874,481.881,603.157
342.502,481.351,728.155
101.562,226.17,600.178
102.67,223.211,725.138
103.778,220.251,850.098
100.084,351.126,603.15
101.192,348.166,728.11
102.301,345.207,853.07
98.6064,476.082,606.123
99.7147,473.122,731.083
100.823,470.163,856.043
226.548,227.674,599.105
227.656,224.714,724.065
228.765,221.754,849.025
225.07,352.63,602.077
226.179,349.67,727.038
227.287,346.71,851.998
223.593,477.586,605.05
224.701,474.626,730.01
225.809,471.666,854.97
351.534,229.177,598.032
352.643,226.218,722.992
353.751,223.258,847.952
350.057,354.133,601.005
351.165,351.174,725.965
352.273,348.214,850.925
348.579,479.089,603.977
349.687,476.129,728.937
350.796,473.17,853.897
98.9799,349.112,98.9407
102.188,345.459,223.846
105.396,341.806,348.752
100.501,474.05,102.555
103.709,470.397,227.461
106.917,466.745,352.366
102.023,598.989,106.17
105.231,595.336,231.076
108.438,591.683,355.981
223.929,347.684,95.6899
227.137,344.032,220.595
230.345,340.379,345.501
225.451,472.623,99.3046
228.659,468.97,224.21
231.867,465.317,349.115
226.972,597.561,102.919
230.18,593.908,227.825
233.388,590.256,352.73
348.879,346.257,92.439
352.087,342.604,217.344
355.295,338.951,342.25
350.4,471.195,96.0537
353.608,467.543,220.959
356.816,463.89,345.865
351.922,596.134,99.6685
355.13,592.481,224.574
358.338,588.828,349.479
100.699,350.141,224.92
101.864,347.724,349.891
103.029,345.308,474.863
102.64,475.103,227.319
103.806,472.686,352.29
104.971,470.269,477.261
104.582,600.065,229.717
105.747,597.648,354.688
106.912,595.231,479.659
225.678,348.222,223.718
226.844,345.806,348.689
228.009,343.389,473.66
227.62,473.184,226.116
228.785,470.768,351.087
229.95,468.351,476.059
229.561,598.146,228.515
230.726,595.729,353.486
231.892,593.313,478.457
350.658,346.304,222.516
351.823,343.887,347.487
352.988,341.47,472.458
352.599,471.266,224.914
353.764,468.849,349.885
354.93,466.432,474.856
354.541,596.227,227.312
355.706,593.811,352.284
356.871,591.394,477.255
100.47,348.033,350.526
102.801,348.365,475.504
105.131,348.697,600.482
103.801,472.988,350.132
106.131,473.32,475.11
108.462,473.652,600.087
107.131,597.943,349.738
109.461,598.275,474.715
111.792,598.607,599.693
225.404,344.695,348.205
227.735,345.027,473.183
230.065,345.36,598.161
228.735,469.65,347.811
231.065,469.982,472.789
233.395,470.315,597.767
232.065,594.605,347.417
234.395,594.938,472.395
236.726,595.27,597.372
350.338,341.358,345.884
352.669,341.69,470.862
354.999,342.022,595.84
353.668,466.313,345.49
355.999,466.645,470.468
358.329,466.977,595.446
356.999,591.268,345.096
359.329,591.6,470.074
361.66,591.932,595.052
99.7362,350.87,474.107
103.34,351.148,599.055
106.943,351.426,724.002
99.3766,475.869,473.839
102.98,476.147,598.787
106.583,476.425,723.734
99.017,600.868,473.571
102.62,601.146,598.519
106.224,601.425,723.466
224.684,351.221,470.503
228.287,351.5,595.451
231.89,351.778,720.398
224.324,476.22,470.235
227.928,476.499,595.183
231.531,476.777,720.13
223.965,601.22,469.967
227.568,601.498,594.914
231.171,601.776,719.862
349.631,351.573,466.899
353.235,351.851,591.846
356.838,352.13,716.794
349.272,476.572,466.631
352.875,476.85,591.578
356.478,477.129,716.526
348.912,601.571,466.363
352.515,601.85,591.31
356.119,602.128,716.258
98.933,350.979,599.647
99.4548,348.085,724.612
99.9767,345.191,849.578
95.3336,475.894,602.555
95.8554,472.999,727.521
96.3773,470.105,852.486
91.7342,600.808,605.463
92.256,597.914,730.429
92.7778,595.019,855.394
223.88,354.59,599.209
224.402,351.696,724.174
224.924,348.801,849.14
220.281,479.504,602.117
220.803,476.61,727.082
221.324,473.716,852.048
216.681,604.419,605.025
217.203,601.524,729.991
217.725,598.63,854.956
348.827,358.201,598.771
349.349,355.306,723.736
349.871,352.412,848.702
345.228,483.115,601.679
345.75,480.221,726.644
346.271,477.326,851.61
341.628,608.029,604.587
342.15,605.135,729.553
342.672,602.241,854.518
98.6593,475.599,99.1317
100.509,477.695,224.1
102.358,479.792,349.069
98.8744,600.581,97.0318
100.724,602.677,222.001
102.573,604.774,346.969
99.0896,725.563,94.932
100.939,727.66,219.901
102.788,729.756,344.869
223.645,475.353,97.2861
225.495,477.449,222.255
227.344,479.545,347.224
223.861,600.335,95.1863
225.71,602.431,220.155
227.559,604.528,345.124
224.076,725.317,93.0864
225.925,727.413,218.055
227.775,729.51,343.024
348.632,475.107,95.4405
350.481,477.203,220.409
352.33,479.299,345.378
348.847,600.089,93.3407
350.696,602.185,218.309
352.546,604.282,343.278
349.062,725.071,91.2409
350.911,727.167,216.21
352.761,729.264,341.178
98.5609,475.502,225.869
97.5758,474.298,350.859
96.5907,473.093,475.85
100.634,600.479,227.09
99.6486,599.275,352.08
98.6635,598.07,477.07
102.706,725.456,228.31
101.721,724.252,353.301
100.736,723.047,478.291
223.54,473.42,226.834
222.555,472.216,351.824
221.57,471.011,476.815
225.613,598.397,228.055
224.627,597.192,353.045
223.642,595.988,478.035
227.685,723.374,229.275
226.7,722.169,354.266
225.715,720.965,479.256
348.519,471.338,227.799
347.534,470.133,352.789
346.549,468.929,477.78
350.592,596.315,229.02
349.606,595.11,354.01
348.621,593.906,479
352.664,721.292,230.24
351.679,720.087,355.231
350.694,718.883,480.221
100.614,474.029,348.891
103.436,471.044,473.823
106.259,468.058,598.756
98.9382,598.982,351.915
101.761,595.996,476.848
104.583,593.01,601.78
97.2625,723.934,354.939
100.085,720.948,479.872
102.907,717.962,604.804
225.571,475.772,346.11
228.393,472.787,471.042
231.216,469.801,595.975
223.895,600.725,349.134
226.718,597.739,474.066
229.54,594.753,598.999
222.219,725.677,352.158
225.042,722.691,477.09
227.864,719.705,602.023
350.528,477.516,343.328
353.35,474.53,468.261
356.173,471.544,593.193
348.852,602.468,346.352
351.674,599.482,471.285
354.497,596.496,596.217
347.176,727.42,349.377
349.999,724.434,474.309
352.821,721.448,599.242
99.2279,473.415,476.688
98.4591,474.388,601.682
97.6904,475.361,726.676
97.1533,598.394,475.702
96.3846,599.367,600.696
95.6158,600.34,725.69
95.0788,723.373,474.717
94.31,724.346,599.711
93.5413,725.319,724.704
224.208,475.496,477.441
223.44,476.469,602.434
222.671,477.442,727.428
222.134,600.474,476.455
221.365,601.447,601.449
220.596,602.421,726.443
220.059,725.453,475.469
219.29,726.426,600.463
218.522,727.399,725.457
349.189,477.576,478.193
348.42,478.549,603.187
347.651,479.522,728.181
347.114,602.555,477.207
346.345,603.528,602.201
345.577,604.501,727.195
345.04,727.534,476.222
344.271,728.507,601.216
343.502,729.48,726.209
100.183,473.892,601.467
97.8324,472.89,726.441
95.4819,471.888,851.415
102.425,598.867,602.512
100.075,597.865,727.485
97.7242,596.863,852.459
104.668,723.843,603.556
102.317,722.841,728.53
99.9665,721.839,853.504
225.141,471.63,603.799
222.79,470.628,728.773
220.44,469.626,853.747
227.383,596.606,604.844
225.032,595.604,729.817
222.682,594.602,854.791
229.625,721.581,605.888
227.275,720.579,730.862
224.924,719.577,855.836
350.098,469.369,606.131
347.748,468.367,731.105
345.397,467.365,856.079
352.341,594.344,607.176
349.99,593.342,732.15
347.64,592.34,857.123
354.583,719.32,608.22
352.233,718.318,733.194
349.882,717.316,858.168
100.75,598.856,100.945
99.7947,601.213,225.919
98.8396,603.569,350.893
103.351,723.808,98.6084
102.396,726.164,223.583
101.441,728.52,348.557
105.952,848.759,96.2723
104.997,851.115,221.246
104.042,853.471,346.221
225.719,596.274,101.948
224.764,598.63,226.922
223.809,600.987,351.896
228.32,721.225,99.6121
227.365,723.581,224.586
226.41,725.938,349.56
230.921,846.176,97.276
229.966,848.532,222.25
229.011,850.889,347.224
350.688,593.691,102.952
349.733,596.047,227.926
348.778,598.404,352.9
353.289,718.642,100.616
352.334,720.999,225.59
351.379,723.355,350.564
355.89,843.593,98.2797
354.935,845.95,223.254
353.98,848.306,348.228
99.0214,598.902,225.75
101.799,600.663,350.706
104.577,602.424,475.663
98.5988,723.889,223.998
101.377,725.65,348.955
104.154,727.411,473.911
98.1761,848.876,222.246
100.954,850.637,347.203
103.732,852.398,472.16
223.99,599.286,222.966
226.768,601.047,347.923
229.545,602.807,472.88
223.567,724.273,221.215
226.345,726.034,346.171
229.123,727.794,471.128
223.145,849.26,219.463
225.922,851.021,344.419
228.7,852.781,469.376
348.958,599.67,220.183
351.736,601.43,345.14
354.514,603.191,470.096
348.536,724.657,218.431
351.313,726.417,343.388
354.091,728.178,468.345
348.113,849.644,216.679
350.891,851.404,341.636
353.669,853.165,466.593
98.5477,601.997,348.557
98.4202,604.717,473.527
98.2927,607.437,598.498
95.1074,726.92,345.835
94.9799,729.64,470.805
94.8524,732.36,595.775
91.6671,851.843,343.112
91.5396,854.563,468.082
91.4122,857.283,593.053
223.5,605.439,348.61
223.373,608.16,473.58
223.245,610.88,598.55
220.06,730.362,345.887
219.933,733.082,470.857
219.805,735.803,595.828
216.62,855.285,343.165
216.492,858.005,468.135
216.365,860.726,593.105
348.453,608.882,348.662
348.325,611.602,473.633
348.198,614.322,598.603
345.013,733.805,345.94
344.885,736.525,470.91
344.758,739.245,595.88
341.572,858.728,343.217
341.445,861.448,468.188
341.317,864.168,593.158
100.092,600.539,475.41
100.377,600.95,600.409
100.662,601.362,725.408
96.5264,725.487,475.006
96.8112,725.899,600.005
97.096,726.31,725.004
92.9603,850.435,474.603
93.2451,850.847,599.602
93.5299,851.259,724.601
225.041,604.104,475.113
225.326,604.515,600.112
225.611,604.927,725.111
221.475,729.052,474.71
221.76,729.464,599.709
222.045,729.875,724.708
217.909,854.001,474.306
218.194,854.412,599.305
218.479,854.824,724.304
349.99,607.669,474.817
350.275,608.08,599.816
350.56,608.492,724.815
346.424,732.617,474.413
346.709,733.029,599.412
346.994,733.441,724.411
342.858,857.566,474.01
343.143,857.977,599.009
343.428,858.389,724.008
101.587,601.177,601.057
98.5051,598.983,726
95.4232,596.789,850.943
99.1083,726.134,603.19
96.0263,723.94,728.133
92.9444,721.746,853.076
96.6295,851.091,605.324
93.5475,848.897,730.266
90.4656,846.703,855.209
226.524,603.602,604.181
223.443,601.408,729.124
220.361,599.214,854.067
224.046,728.559,606.315
220.964,726.365,731.258
217.882,724.171,856.2
221.567,853.516,608.448
218.485,851.322,733.391
215.403,849.128,858.334
351.462,606.027,607.306
348.38,603.833,732.249
345.298,601.639,857.191
348.983,730.984,609.439
345.901,728.79,734.382
342.819,726.596,859.325
346.504,855.941,611.572
343.422,853.747,736.515
340.34,851.553,861.458
226.763,99.9916,99.4394
223.261,96.9546,224.353
219.758,93.9177,349.267
224.765,224.94,102.421
221.263,221.903,227.335
217.76,218.866,352.249
222.767,349.888,105.403
219.264,346.852,230.317
215.762,343.815,355.231
351.698,101.905,102.989
348.196,98.8678,227.903
344.693,95.8308,352.817
349.7,226.853,105.971
346.197,223.816,230.885
342.695,220.779,355.799
347.702,351.802,108.953
344.199,348.765,233.867
340.697,345.728,358.781
476.633,103.818,106.539
473.131,100.781,231.453
469.628,97.744,356.367
474.635,228.766,109.521
471.132,225.729,234.435
467.63,222.692,359.349
472.637,353.715,112.503
469.134,350.678,237.417
465.632,347.641,362.331
226.889,98.8094,223.428
228.565,98.3297,348.416
230.241,97.85,473.404
225.828,223.804,223.922
227.504,223.324,348.91
229.181,222.844,473.898
224.768,348.798,224.416
226.444,348.319,349.404
228.12,347.839,474.392
351.873,99.8765,221.756
353.549,99.3967,346.744
355.226,98.917,471.731
350.812,224.871,222.25
352.489,224.391,347.237
354.165,223.912,472.225
349.752,349.866,222.744
351.428,349.386,347.731
353.105,348.906,472.719
476.857,100.943,220.083
478.534,100.464,345.071
480.21,99.984,470.059
475.797,225.938,220.577
477.473,225.458,345.565
479.149,224.979,470.553
474.736,350.933,221.071
476.413,350.453,346.059
478.089,349.973,471.047
223.846,100.703,350.394
223.419,103.278,475.367
222.992,105.852,600.34
221.864,225.66,347.813
221.438,228.235,472.785
221.011,230.81,597.758
219.883,350.618,345.231
219.456,353.193,470.204
219.03,355.768,595.177
348.829,102.693,350.78
348.403,105.267,475.753
347.976,107.842,600.725
346.848,227.65,348.199
346.421,230.225,473.171
345.995,232.8,598.144
344.867,352.608,345.617
344.44,355.183,470.59
344.013,357.757,595.563
473.813,104.682,351.166
473.386,107.257,476.138
472.959,109.832,601.111
471.832,229.64,348.584
471.405,232.215,473.557
470.978,234.79,598.53
469.85,354.598,346.003
469.423,357.172,470.976
468.997,359.747,595.948
224.72,99.3972,474.223
221.464,99.0371,599.18
218.208,98.677,724.137
226,224.39,474.617
222.744,224.03,599.574
219.488,223.67,724.531
227.28,349.383,475.01
224.024,349.023,599.967
220.768,348.663,724.924
349.671,98.1073,477.476
346.415,97.7472,602.433
343.159,97.387,727.39
350.951,223.1,477.869
347.695,222.74,602.826
344.439,222.38,727.783
352.231,348.093,478.263
348.975,347.733,603.22
345.719,347.373,728.177
474.622,96.8174,480.728
471.366,96.4572,605.685
468.11,96.0971,730.642
475.902,221.81,481.122
472.646,221.45,606.079
469.39,221.09,731.036
477.182,346.803,481.515
473.926,346.443,606.472
470.67,346.083,731.429
226.659,99.7413,599.344
224.164,96.0761,724.265
221.669,92.411,849.186
223.771,224.656,602.951
221.276,220.991,727.872
218.781,217.326,852.794
220.882,349.57,606.558
218.388,345.905,731.48
215.893,342.24,856.401
351.6,102.556,601.921
349.106,98.8904,726.843
346.611,95.2253,851.764
348.712,227.47,605.529
346.217,223.805,730.45
343.723,220.14,855.371
345.824,352.385,609.136
343.329,348.72,734.057
340.835,345.054,858.979
476.542,105.37,604.499
474.047,101.705,729.42
471.553,98.0396,854.342
473.654,230.284,608.106
471.159,226.619,733.028
468.664,222.954,857.949
470.766,355.199,611.714
468.271,351.534,736.635
465.776,347.869,861.556
226.369,226.975,99.8421
223.879,227.262,224.817
221.39,227.55,349.792
223.63,351.944,99.4998
221.14,352.232,224.475
218.65,352.52,349.45
220.89,476.914,99.1576
218.4,477.201,224.132
215.911,477.489,349.107
351.314,229.72,102.325
348.824,230.008,227.3
346.335,230.296,352.275
348.575,354.69,101.983
346.085,354.977,226.958
343.595,355.265,351.932
345.835,479.659,101.64
343.346,479.947,226.615
340.856,480.235,351.59
476.259,232.466,104.808
473.77,232.754,229.783
471.28,233.041,354.757
473.52,357.435,104.465
471.03,357.723,229.44
468.54,358.011,354.415
470.78,482.405,104.123
468.291,482.693,229.098
465.801,482.98,354.073
226.922,223.019,224.279
225.471,226.364,349.226
224.019,229.709,474.173
228.452,347.966,220.952
227,351.31,345.899
225.549,354.655,470.846
229.982,472.912,217.626
228.53,476.257,342.572
227.078,479.601,467.519
351.905,221.529,225.771
350.453,224.874,350.718
349.001,228.218,475.665
353.434,346.475,222.444
351.982,349.82,347.391
350.531,353.165,472.338
354.964,471.422,219.118
353.512,474.766,344.064
352.06,478.111,469.011
476.887,220.039,227.263
475.435,223.383,352.21
473.983,226.728,477.157
478.416,344.985,223.936
476.965,348.33,348.883
475.513,351.674,473.83
479.946,469.931,220.61
478.494,473.276,345.557
477.043,476.621,470.503
224.87,223.099,349.079
227.953,222.92,474.041
231.036,222.741,599.003
221.806,348.061,349.334
224.889,347.882,474.295
227.973,347.703,599.257
218.742,473.024,349.588
221.826,472.844,474.55
224.909,472.665,599.512
349.794,226.168,346.001
352.877,225.989,470.963
355.961,225.81,595.925
346.73,351.13,346.256
349.814,350.951,471.218
352.897,350.772,596.179
343.667,476.093,346.51
346.75,475.913,471.472
349.833,475.734,596.434
474.718,229.237,342.923
477.802,229.058,467.885
480.885,228.879,592.847
471.655,354.199,343.178
474.738,354.02,468.14
477.821,353.841,593.101
468.591,479.161,343.432
471.675,478.982,468.394
474.758,478.803,593.356
225.229,225.336,476.42
223.405,228.388,601.37
221.582,231.441,726.319
227.163,350.284,473.395
225.34,353.337,598.345
223.516,356.39,723.294
229.097,475.232,470.371
227.274,478.285,595.32
225.45,481.338,720.27
350.201,223.446,478.29
348.377,226.499,603.24
346.553,229.552,728.189
352.135,348.395,475.266
350.311,351.447,600.215
348.488,354.5,725.164
354.069,473.343,472.241
352.246,476.396,597.19
350.422,479.449,722.14
475.172,221.557,480.16
473.349,224.61,605.11
471.525,227.663,730.059
477.107,346.505,477.136
475.283,349.558,602.085
473.459,352.611,727.035
479.041,471.454,474.111
477.217,474.507,599.06
475.394,477.559,724.01
225.122,223.973,600.484
225.886,223.241,725.479
226.651,222.509,850.475
225.49,348.971,601.214
226.254,348.238,726.209
227.019,347.506,851.205
225.857,473.968,601.944
226.622,473.236,726.939
227.387,472.503,851.935
350.119,223.61,599.717
350.883,222.878,724.712
351.648,222.145,849.708
350.487,348.607,600.447
351.251,347.875,725.442
352.016,347.143,850.438
350.855,473.605,601.177
351.619,472.872,726.173
352.384,472.14,851.168
475.116,223.247,598.95
475.881,222.514,723.946
476.645,221.782,848.941
475.484,348.244,599.68
476.248,347.512,724.676
477.013,346.779,849.671
475.852,473.241,600.41
476.616,472.509,725.406
477.381,471.777,850.401
225.611,351.503,99.6859
222.461,354.216,224.617
219.311,356.929,349.548
225.305,476.473,96.9641
222.155,479.186,221.895
219.005,481.899,346.826
224.999,601.443,94.2423
221.849,604.156,219.173
218.699,606.869,344.104
350.571,351.877,102.828
347.421,354.59,227.759
344.271,357.303,352.69
350.265,476.847,100.107
347.115,479.56,225.037
343.965,482.273,349.968
349.959,601.817,97.3849
346.809,604.53,222.316
343.659,607.243,347.247
475.531,352.251,105.971
472.381,354.964,230.902
469.231,357.677,355.833
475.225,477.221,103.249
472.075,479.934,228.18
468.925,482.647,353.111
474.919,602.191,100.527
471.769,604.904,225.458
468.619,607.617,350.389
224.951,350.108,223.731
225.36,351.033,348.727
225.769,351.957,473.723
223.037,475.09,222.813
223.445,476.015,347.809
223.854,476.939,472.805
221.122,600.072,221.895
221.531,600.997,346.891
221.939,601.921,471.887
349.936,352.02,223.308
350.345,352.944,348.304
350.753,353.869,473.3
348.021,477.002,222.39
348.43,477.926,347.386
348.839,478.851,472.382
346.107,601.984,221.472
346.515,602.908,346.468
346.924,603.833,471.464
474.921,353.931,222.886
475.329,354.856,347.882
475.738,355.78,472.878
473.006,478.913,221.968
473.415,479.838,346.964
473.823,480.762,471.959
471.091,603.895,221.05
471.5,604.82,346.046
471.909,605.744,471.041
223.309,351.741,351.196
222.415,354.416,476.165
221.521,357.091,601.133
219.913,476.666,348.498
219.019,479.341,473.467
218.125,482.015,598.435
216.518,601.591,345.8
215.624,604.266,470.769
214.729,606.94,595.737
348.26,355.156,352.017
347.366,357.83,476.985
346.472,360.505,601.954
344.864,480.08,349.319
343.97,482.755,474.288
343.076,485.43,599.256
341.468,605.005,346.621
340.574,607.68,471.59
339.68,610.354,596.558
473.211,358.57,352.838
472.316,361.244,477.806
471.422,363.919,602.775
469.815,483.495,350.14
468.921,486.169,475.108
468.027,488.844,600.077
466.419,608.419,347.442
465.525,611.094,472.41
464.631,613.769,597.379
224.51,348.722,473.502
224.795,351.296,598.475
225.081,353.871,723.448
220.868,473.642,470.937
221.153,476.217,595.91
221.438,478.792,720.883
217.226,598.563,468.371
217.511,601.138,593.345
217.796,603.712,718.318
349.457,352.357,473.142
349.742,354.932,598.115
350.027,357.507,723.088
345.815,477.278,470.577
346.1,479.853,595.55
346.385,482.427,720.523
342.173,602.198,468.012
342.458,604.773,592.985
342.743,607.348,717.958
474.404,355.993,472.782
474.689,358.567,597.755
474.974,361.142,722.729
470.762,480.913,470.217
471.047,483.488,595.19
471.332,486.063,720.163
467.119,605.834,467.652
467.405,608.409,592.625
467.69,610.983,717.598
224.522,348.7,599.91
221.856,348.585,724.881
219.189,348.47,849.853
221.836,473.671,599.968
219.17,473.556,724.939
216.503,473.441,849.911
219.15,598.642,600.025
216.484,598.527,724.997
213.817,598.412,849.968
349.465,351.384,602.578
346.798,351.269,727.55
344.132,351.154,852.521
346.779,476.355,602.636
344.113,476.24,727.607
341.446,476.125,852.579
344.093,601.326,602.694
341.427,601.211,727.665
338.76,601.096,852.637
474.408,354.068,605.247
471.741,353.953,730.218
469.075,353.838,855.19
471.722,479.039,605.304
469.055,478.924,730.276
466.389,478.809,855.247
469.036,604.01,605.362
466.369,603.895,730.334
463.703,603.78,855.305
225.599,474.401,98.9075
223.123,473.037,223.876
220.648,471.673,348.844
228.539,599.358,100.33
226.064,597.994,225.298
223.589,596.63,350.266
231.48,724.316,101.752
229.005,722.952,226.72
226.53,721.588,351.688
350.54,471.433,101.35
348.064,470.069,226.318
345.589,468.705,351.286
353.48,596.39,102.772
351.005,595.026,227.74
348.53,593.662,352.708
356.421,721.348,104.194
353.946,719.984,229.162
351.47,718.62,354.13
475.48,468.465,103.792
473.005,467.101,228.76
470.53,465.737,353.728
478.421,593.422,105.214
475.946,592.058,230.182
473.471,590.694,355.15
481.362,718.38,106.636
478.887,717.015,231.604
476.411,715.651,356.573
224.088,474.119,223.683
220.41,475.112,348.625
216.732,476.104,473.567
226.64,599.09,222.766
222.963,600.082,347.708
219.285,601.075,472.65
229.193,724.06,221.848
225.516,725.053,346.79
221.838,726.045,471.732
349.007,471.594,227.381
345.33,472.587,352.323
341.652,473.579,477.264
351.56,596.565,226.463
347.882,597.558,351.405
344.205,598.55,476.347
354.113,721.536,225.546
350.435,722.528,350.487
346.758,723.521,475.429
473.927,469.07,231.078
470.249,470.062,356.02
466.572,471.055,480.962
476.48,594.04,230.16
472.802,595.033,355.102
469.125,596.025,480.044
479.033,719.011,229.243
475.355,720.003,354.185
471.677,720.996,479.127
224.555,474.782,349.49
228.019,472.746,474.426
231.483,470.711,599.361
227.493,599.732,351.445
230.956,597.697,476.38
234.42,595.661,601.316
230.43,724.682,353.399
233.893,722.647,478.335
237.357,720.611,603.27
349.473,471.9,345.98
352.937,469.865,470.916
356.4,467.829,595.851
352.41,596.851,347.935
355.874,594.815,472.87
359.337,592.779,597.805
355.347,721.801,349.889
358.811,719.765,474.824
362.275,717.73,599.76
474.39,469.019,342.47
477.854,466.983,467.405
481.318,464.948,592.341
477.328,593.969,344.424
480.791,591.933,469.36
484.255,589.898,594.295
480.265,718.919,346.379
483.728,716.884,471.314
487.192,714.848,596.25
224.068,473.921,475.119
226.458,476.565,600.068
228.848,479.21,725.018
223.848,598.893,472.479
226.238,601.537,597.428
228.628,604.182,722.377
223.629,723.865,469.838
226.018,726.509,594.787
228.408,729.153,719.736
349.045,474.09,472.725
351.435,476.734,597.674
353.825,479.379,722.624
348.825,599.062,470.085
351.215,601.706,595.034
353.605,604.351,719.983
348.605,724.034,467.444
350.995,726.678,592.393
353.385,729.323,717.342
474.022,474.259,470.331
476.412,476.903,595.28
478.801,479.548,720.23
473.802,599.231,467.691
476.192,601.875,592.64
478.582,604.52,717.589
473.582,724.203,465.05
475.972,726.847,589.999
478.362,729.492,714.948
224.392,476.729,598.728
227.207,473.319,723.649
230.022,469.909,848.571
224.737,601.682,602.131
227.552,598.272,727.052
230.367,594.862,851.974
225.082,726.635,605.533
227.897,723.225,730.455
230.713,719.816,855.377
349.36,476.46,595.904
352.175,473.051,720.826
354.99,469.641,845.748
349.705,601.413,599.307
352.52,598.004,724.229
355.335,594.594,849.151
350.05,726.367,602.71
352.865,722.957,727.632
355.68,719.547,852.553
474.327,476.192,593.081
477.143,472.782,718.002
479.958,469.372,842.924
474.673,601.145,596.483
477.488,597.735,721.405
480.303,594.326,846.327
475.018,726.098,599.886
477.833,722.689,724.808
480.648,719.279,849.73
223.521,599.348,98.3937
221.968,600.59,223.378
220.416,601.832,348.362
221.537,724.326,97.1271
219.984,725.568,222.111
218.432,726.81,347.095
219.553,849.304,95.8604
218,850.546,220.845
216.448,851.788,345.829
348.495,601.348,99.9262
346.943,602.59,224.91
345.39,603.832,349.895
346.511,726.325,98.6596
344.959,727.567,223.644
343.406,728.81,348.628
344.527,851.303,97.3929
342.975,852.545,222.377
341.422,853.787,347.361
473.47,603.347,101.459
471.917,604.589,226.443
470.365,605.831,351.427
471.486,728.325,100.192
469.933,729.567,225.176
468.381,730.809,350.16
469.502,853.303,98.9254
467.949,854.545,223.91
466.397,855.787,348.894
226.787,600.631,224.839
226.602,603.249,349.811
226.417,605.868,474.784
224.184,725.576,222.217
224,728.195,347.19
223.815,730.813,472.162
221.582,850.522,219.596
221.398,853.14,344.568
221.213,855.758,469.541
351.759,603.236,224.969
351.575,605.855,349.942
351.39,608.473,474.914
349.157,728.182,222.348
348.973,730.8,347.32
348.788,733.418,472.292
346.555,853.127,219.726
346.37,855.745,344.698
346.186,858.364,469.671
476.732,605.842,225.099
476.547,608.46,350.072
476.363,611.078,475.044
474.13,730.787,222.478
473.945,733.405,347.45
473.761,736.024,472.423
471.528,855.732,219.856
471.343,858.351,344.829
471.158,860.969,469.801
224.17,600.699,349.178
226.492,598.866,474.143
228.814,597.034,599.108
223.414,725.683,351.026
225.736,723.85,475.991
228.058,722.018,600.956
222.659,850.667,352.873
224.981,848.835,477.838
227.303,847.002,602.803
349.146,601.489,346.868
351.468,599.656,471.833
353.79,597.823,596.798
348.391,726.473,348.715
350.712,724.64,473.68
353.034,722.807,598.645
347.635,851.457,350.562
349.957,849.624,475.527
352.279,847.791,600.492
474.122,602.278,344.557
476.444,600.445,469.522
478.766,598.613,594.487
473.367,727.262,346.404
475.689,725.43,471.369
478.011,723.597,596.334
472.611,852.246,348.252
474.933,850.414,473.217
477.255,848.581,598.182
225.454,599.04,476.439
223.817,600.943,601.414
222.18,602.845,726.389
227.981,724.001,474.57
226.344,725.903,599.545
224.707,727.805,724.52
230.508,848.961,472.701
228.871,850.864,597.676
227.233,852.766,722.651
350.418,596.538,478.114
348.781,598.441,603.089
347.143,600.343,728.064
352.945,721.499,476.245
351.308,723.401,601.22
349.67,725.304,726.195
355.472,846.459,474.376
353.834,848.362,599.351
352.197,850.264,724.326
475.382,594.037,479.789
473.744,595.939,604.764
472.107,597.841,729.739
477.908,718.997,477.92
476.271,720.899,602.895
474.634,722.802,727.87
480.435,843.958,476.051
478.798,845.86,601.026
477.161,847.762,726.001
225.042,601.89,600.641
225.1,598.36,725.592
225.158,594.83,850.542
226.712,726.829,604.17
226.77,723.299,729.12
226.828,719.769,854.071
228.382,851.768,607.699
228.44,848.238,732.649
228.498,844.708,857.599
350.031,600.222,600.536
350.089,596.692,725.486
350.147,593.162,850.436
351.7,725.161,604.065
351.759,721.631,729.015
351.817,718.101,853.965
353.37,850.1,607.594
353.429,846.57,732.544
353.487,843.04,857.494
475.019,598.555,600.431
475.078,595.025,725.381
475.136,591.495,850.331
476.689,723.494,603.959
476.748,719.964,728.91
476.806,716.434,853.86
478.359,848.433,607.488
478.417,844.903,732.438
478.476,841.373,857.389
350.57,101.887,100.508
348.715,101.607,225.494
346.86,101.326,350.48
352.646,226.869,100.819
350.791,226.589,225.805
348.936,226.309,350.791
354.722,351.852,101.13
352.867,351.571,226.116
351.012,351.291,351.102
475.539,99.8066,102.358
473.684,99.5264,227.344
471.829,99.2461,352.33
477.615,224.789,102.669
475.76,224.509,227.655
473.905,224.229,352.641
479.691,349.771,102.98
477.836,349.491,227.966
475.981,349.211,352.952
600.508,97.7263,104.208
598.653,97.4461,229.194
596.798,97.1658,354.18
602.584,222.709,104.519
600.729,222.428,229.505
598.874,222.148,354.491
604.66,347.691,104.83
602.805,347.411,229.816
600.95,347.131,354.802
348.308,101.14,225.821
346.094,102.765,350.79
343.881,104.389,475.76
350.787,226.106,224.24
348.573,227.73,349.21
346.359,229.355,474.18
353.265,351.071,222.659
351.052,352.696,347.629
348.838,354.32,472.599
473.264,98.6901,228.066
471.05,100.315,353.036
468.837,101.939,478.005
475.742,223.656,226.485
473.529,225.28,351.455
471.315,226.904,476.425
478.221,348.621,224.905
476.007,350.245,349.874
473.794,351.87,474.844
598.219,96.24,230.311
596.006,97.8645,355.281
593.792,99.489,480.251
600.698,221.205,228.73
598.485,222.83,353.7
596.271,224.454,478.67
603.177,346.171,227.15
600.963,347.795,352.12
598.75,349.42,477.089
349.259,98.0935,348.297
348.252,100.257,473.274
347.246,102.42,598.251
349.189,223.075,346.133
348.183,225.238,471.11
347.177,227.402,596.087
349.12,348.056,343.969
348.113,350.219,468.946
347.107,352.383,593.923
474.254,98.1803,349.302
473.248,100.344,474.279
472.242,102.507,599.256
474.185,223.162,347.138
473.179,225.325,472.115
472.172,227.488,597.092
474.116,348.143,344.974
473.109,350.306,469.951
472.103,352.47,594.928
599.25,98.2671,350.307
598.244,100.431,475.284
597.238,102.594,600.261
599.181,223.248,348.143
598.175,225.412,473.12
597.168,227.575,598.097
599.112,348.23,345.979
598.105,350.393,470.956
597.099,352.557,595.933
349.079,100.74,475.137
351.693,98.5596,600.091
354.308,96.3795,725.044
349.589,225.72,477.307
352.203,223.54,602.261
354.818,221.36,727.214
350.099,350.7,479.477
352.714,348.52,604.43
355.328,346.34,729.384
474.05,100.275,472.514
476.665,98.0949,597.468
479.279,95.9148,722.421
474.56,225.255,474.684
477.175,223.075,599.638
479.79,220.895,724.591
475.071,350.235,476.854
477.685,348.055,601.807
480.3,345.875,726.761
599.022,99.8103,469.891
601.636,97.6302,594.845
604.251,95.4501,719.798
599.532,224.79,472.061
602.147,222.61,597.014
604.761,220.43,721.968
600.042,349.771,474.231
602.657,347.59,599.184
605.271,345.41,724.138
349.308,99.1187,599.751
351.907,102.454,724.68
354.506,105.789,849.608
352.564,224.03,596.349
355.163,227.365,721.278
357.762,230.7,846.206
355.821,348.941,592.947
358.419,352.276,717.875
361.018,355.611,842.804
474.239,95.7936,597.241
476.838,99.1287,722.17
479.436,102.464,847.098
477.495,220.705,593.839
480.094,224.04,718.767
482.692,227.375,843.696
480.751,345.616,590.437
483.35,348.951,715.365
485.949,352.286,840.294
599.169,92.4685,594.731
601.768,95.8037,719.66
604.367,99.1388,844.588
602.426,217.38,591.329
605.024,220.715,716.257
607.623,224.05,841.186
605.682,342.291,587.927
608.281,345.626,712.855
610.879,348.961,837.784
350.856,223.016,98.8178
352.272,222.194,223.807
353.688,221.372,348.796
352.973,347.996,99.6157
354.39,347.174,224.605
355.806,346.352,349.594
355.091,472.975,100.414
356.507,472.153,225.403
357.924,471.331,350.392
475.83,220.908,97.3878
477.246,220.085,222.377
478.662,219.263,347.366
477.947,345.887,98.1857
479.364,345.065,223.175
480.78,344.243,348.164
480.065,470.867,98.9837
481.482,470.045,223.973
482.898,469.222,348.962
600.804,218.799,95.9578
602.22,217.977,220.947
603.636,217.155,345.936
602.921,343.778,96.7557
604.338,342.956,221.745
605.754,342.134,346.734
605.039,468.758,97.5537
606.456,467.936,222.543
607.872,467.114,347.532
351.901,223.668,226.854
351.306,223.76,351.853
350.712,223.852,476.852
352.162,348.668,226.764
351.567,348.76,351.762
350.972,348.852,476.761
352.422,473.668,226.673
351.827,473.759,351.672
351.232,473.851,476.67
476.9,223.408,227.45
476.305,223.5,352.448
475.71,223.592,477.447
477.16,348.408,227.359
476.565,348.5,352.358
475.97,348.592,477.356
477.42,473.408,227.268
476.825,473.5,352.267
476.23,473.592,477.265
601.898,223.149,228.045
601.303,223.241,353.043
600.708,223.332,478.042
602.158,348.148,227.954
601.563,348.24,352.953
600.968,348.332,477.951
602.418,473.148,227.863
601.824,473.24,352.862
601.229,473.332,477.861
348.607,224.701,349.249
349.365,225.926,474.24
350.123,227.151,599.232
348.144,349.694,348.026
348.902,350.919,473.018
349.66,352.144,598.01
347.68,474.687,346.804
348.439,475.913,471.796
349.197,477.138,596.787
473.603,225.157,348.486
474.362,226.382,473.477
475.12,227.607,598.469
473.14,350.15,347.263
473.899,351.375,472.255
474.657,352.6,597.247
472.677,475.143,346.041
473.436,476.368,471.033
474.194,477.593,596.024
598.6,225.612,347.723
599.359,226.837,472.714
600.117,228.063,597.706
598.137,350.606,346.5
598.896,351.831,471.492
599.654,353.056,596.484
597.674,475.599,345.278
598.432,476.824,470.27
599.191,478.049,595.261
350.416,225.836,474.45
350.901,222.597,599.407
351.386,219.357,724.364
352.803,350.771,477.679
353.287,347.532,602.636
353.772,344.293,727.593
355.189,475.707,480.909
355.674,472.468,605.866
356.159,469.228,730.823
475.392,223.463,473.903
475.877,220.223,598.861
476.362,216.984,723.818
477.779,348.398,477.133
478.264,345.159,602.09
478.749,341.919,727.047
480.166,473.334,480.362
480.65,470.094,605.319
481.135,466.855,730.277
600.369,221.089,473.357
600.853,217.85,598.314
601.338,214.611,723.271
602.755,346.025,476.587
603.24,342.785,601.544
603.725,339.546,726.501
605.142,470.96,479.816
605.627,467.721,604.773
606.111,464.482,729.73
348.332,226.188,598.106
347.429,229.626,723.056
346.526,233.063,848.005
349.635,351.134,594.678
348.733,354.572,719.628
347.83,358.009,844.577
350.939,476.081,591.251
350.036,479.518,716.2
349.133,482.955,841.15
473.322,224.91,599.045
472.419,228.348,723.994
471.516,231.785,848.943
474.625,349.856,595.617
473.722,353.294,720.566
472.82,356.731,845.516
475.929,474.803,592.189
475.026,478.24,717.138
474.123,481.677,842.088
598.312,223.632,599.983
597.409,227.07,724.932
596.506,230.507,849.882
599.615,348.578,596.555
598.712,352.016,721.505
597.81,355.453,846.454
600.919,473.525,593.127
600.016,476.962,718.077
599.113,480.399,843.026
349.94,349.661,100.323
347.959,350.215,225.307
345.978,350.768,350.29
348.866,474.655,99.7531
346.885,475.209,224.736
344.904,475.762,349.719
347.793,599.649,99.1827
345.812,600.203,224.166
343.83,600.756,349.149
474.92,350.744,102.3
472.939,351.297,227.283
470.958,351.85,352.266
473.846,475.738,101.729
471.865,476.291,226.713
469.884,476.845,351.696
472.772,600.732,101.159
470.791,601.285,226.142
468.81,601.839,351.125
599.9,351.826,104.276
597.918,352.38,229.259
595.937,352.933,354.242
598.826,476.82,103.706
596.845,477.374,228.689
594.864,477.927,353.672
597.752,601.815,103.135
595.771,602.368,228.118
593.79,602.921,353.102
348.287,348.671,224.349
350.779,350.889,349.304
353.27,353.107,474.26
350.322,473.634,222.09
352.814,475.852,347.046
355.305,478.07,472.001
352.358,598.597,219.832
354.849,600.815,344.787
357.341,603.033,469.743
473.246,346.592,221.894
475.737,348.809,346.85
478.229,351.027,471.805
475.281,471.555,219.636
477.772,473.773,344.591
480.264,475.99,469.547
477.316,596.518,217.377
479.808,598.736,342.333
482.299,600.953,467.288
598.204,344.512,219.44
600.696,346.73,344.395
603.187,348.948,469.351
600.24,469.475,217.181
602.731,471.693,342.137
605.223,473.911,467.092
602.275,594.438,214.923
604.766,596.656,339.878
607.258,598.874,464.834
350.68,350.901,349.489
353.005,350.141,474.465
355.329,349.38,599.441
348.326,475.876,350.293
350.65,475.116,475.269
352.974,474.355,600.246
345.971,600.852,351.098
348.295,600.091,476.074
350.62,599.33,601.05
475.637,353.27,347.18
477.961,352.51,472.156
480.285,351.749,597.132
473.282,478.246,347.984
475.606,477.485,472.96
477.931,476.724,597.936
470.927,603.221,348.788
473.252,602.46,473.764
475.576,601.7,598.74
600.593,355.64,344.87
602.917,354.879,469.846
605.241,354.118,594.822
598.238,480.615,345.674
600.562,479.854,470.651
602.887,479.094,595.627
595.884,605.59,346.479
598.208,604.829,471.455
600.532,604.069,596.431
350.031,350.589,475.389
347.736,353.533,600.333
345.44,356.476,725.277
353.566,475.506,472.511
351.271,478.45,597.455
348.976,481.393,722.4
357.102,600.423,469.633
354.806,603.367,594.578
352.511,606.31,719.522
474.96,347.108,477.766
472.665,350.052,602.71
470.369,352.995,727.655
478.495,472.025,474.888
476.2,474.969,599.833
473.905,477.912,724.777
482.031,596.942,472.01
479.735,599.886,596.955
477.44,602.829,721.899
599.889,343.628,480.143
597.594,346.571,605.087
595.298,349.514,730.032
603.424,468.544,477.265
601.129,471.488,602.21
598.834,474.431,727.154
606.96,593.461,474.388
604.664,596.405,599.332
602.369,599.348,724.276
349.68,348.49,600.499
348.6,345.36,725.456
347.521,342.231,850.412
350.789,473.445,603.639
349.71,470.316,728.595
348.63,467.186,853.551
351.898,598.401,606.778
350.819,595.272,731.734
349.739,592.142,856.69
474.671,347.354,601.551
473.591,344.224,726.507
472.511,341.095,851.463
475.78,472.31,604.69
474.7,469.18,729.646
473.62,466.05,854.602
476.889,597.265,607.829
475.809,594.136,732.785
474.729,591.006,857.742
599.661,346.218,602.602
598.581,343.088,727.559
597.502,339.959,852.515
600.77,471.174,605.742
599.69,468.044,730.698
598.611,464.915,855.654
601.879,596.129,608.881
600.8,593,733.837
599.72,589.87,858.793
349.972,475.461,100.851
348.555,472.829,225.815
347.138,470.198,350.779
348.204,600.421,103.462
346.787,597.789,228.426
345.37,595.158,353.39
346.436,725.381,106.073
345.019,722.75,231.037
343.601,720.118,356.001
474.952,477.199,102.305
473.534,474.567,227.269
472.117,471.936,352.233
473.184,602.159,104.916
471.766,599.527,229.88
470.349,596.896,354.844
471.415,727.119,107.527
469.998,724.488,232.491
468.581,721.856,357.455
599.931,478.937,103.759
598.514,476.305,228.723
597.097,473.674,353.687
598.163,603.897,106.37
596.746,601.266,231.334
595.328,598.634,356.298
596.395,728.857,108.981
594.978,726.226,233.945
593.56,723.594,358.909
348.74,475.481,225.127
349.639,472.565,350.09
350.538,469.648,475.052
348.444,600.447,228.046
349.344,597.53,353.008
350.243,594.614,477.971
348.149,725.412,230.964
349.048,722.496,355.927
349.948,719.579,480.89
473.736,475.797,224.235
474.635,472.881,349.198
475.534,469.964,474.16
473.441,600.763,227.154
474.34,597.846,352.116
475.239,594.93,477.079
473.146,725.728,230.072
474.045,722.812,355.035
474.944,719.895,479.998
598.732,476.113,223.343
599.632,473.197,348.306
600.531,470.28,473.268
598.437,601.079,226.261
599.336,598.162,351.224
600.236,595.246,476.187
598.142,726.044,229.18
599.041,723.128,354.143
599.94,720.212,479.106
349.241,475.54,350.39
349.875,477.359,475.375
350.509,479.178,600.361
352.612,600.481,348.555
353.246,602.3,473.54
353.88,604.119,598.525
355.983,725.422,346.719
356.617,727.241,471.704
357.251,729.06,596.689
474.194,472.16,349.806
474.828,473.979,474.791
475.462,475.798,599.776
477.565,597.101,347.97
478.199,598.92,472.955
478.833,600.739,597.94
480.936,722.042,346.134
481.57,723.861,471.119
482.204,725.68,596.104
599.146,468.78,349.221
599.781,470.599,474.206
600.415,472.418,599.191
602.518,593.721,347.385
603.152,595.54,472.37
603.786,597.359,597.355
605.889,718.662,345.549
606.523,720.481,470.535
607.157,722.3,595.52
350.97,473.931,476.299
348.775,472.851,601.275
346.58,471.77,726.251
353.152,598.907,477.418
350.957,597.827,602.394
348.762,596.746,727.37
355.335,723.883,478.537
353.139,722.802,603.513
350.944,721.722,728.489
475.932,471.73,478.475
473.736,470.649,603.451
471.541,469.568,728.427
478.114,596.706,479.594
475.919,595.625,604.57
473.723,594.544,729.546
480.296,721.682,480.713
478.101,720.601,605.689
475.906,719.52,730.665
600.893,469.528,480.651
598.698,468.448,605.627
596.503,467.367,730.603
603.076,594.504,481.77
600.88,593.423,606.746
598.685,592.343,731.722
605.258,719.48,482.889
603.063,718.399,607.865
600.867,717.319,732.841
351.537,473.069,600.537
355.189,471.294,725.472
358.841,469.52,850.406
354.637,598.019,602.222
358.289,596.245,727.156
361.941,594.47,852.09
357.738,722.969,603.906
361.39,721.195,728.84
365.042,719.42,853.774
476.445,470.019,596.843
480.097,468.245,721.777
483.749,466.47,846.711
479.546,594.97,598.527
483.197,593.195,723.461
486.849,591.42,848.395
482.646,719.92,600.211
486.298,718.145,725.145
489.95,716.371,850.079
601.353,466.97,593.149
605.005,465.195,718.083
608.657,463.421,843.017
604.454,591.92,594.833
608.106,590.145,719.767
611.758,588.371,844.701
607.554,716.87,596.517
611.206,715.096,721.451
614.858,713.321,846.385
348.017,599.401,101.128
349.929,602.09,226.084
351.842,604.78,351.041
345.074,724.338,98.4835
346.987,727.028,223.44
348.899,729.717,348.396
342.132,849.275,95.8394
344.044,851.965,220.796
345.957,854.655,345.752
472.968,602.302,99.1527
474.88,604.991,224.109
476.793,607.681,349.066
470.025,727.239,96.5086
471.938,729.929,221.465
473.85,732.618,346.421
467.082,852.177,93.8644
468.995,854.866,218.821
470.907,857.556,343.777
597.918,605.203,97.1778
599.831,607.892,222.134
601.743,610.582,347.091
594.976,730.14,94.5336
596.888,732.83,219.49
598.801,735.519,344.446
592.033,855.078,91.8895
593.946,857.767,216.846
595.858,860.457,341.802
350.281,599.022,224.191
350.466,596.213,349.16
350.651,593.403,474.128
349.632,723.989,227.002
349.817,721.179,351.97
350.002,718.37,476.938
348.983,848.955,229.812
349.168,846.146,354.781
349.352,843.336,479.749
475.279,599.675,224.021
475.464,596.866,348.99
475.649,594.056,473.958
474.63,724.642,226.832
474.815,721.832,351.8
475,719.023,476.768
473.981,849.609,229.642
474.166,846.799,354.61
474.351,843.99,479.579
600.278,600.329,223.851
600.462,597.519,348.819
600.647,594.71,473.788
599.628,725.295,226.662
599.813,722.486,351.63
599.998,719.676,476.598
598.979,850.262,229.472
599.164,847.452,354.44
599.349,844.643,479.409
348.316,601.91,349.147
345.416,601.315,474.111
342.515,600.721,599.076
345.424,726.876,349.674
342.523,726.281,474.639
339.623,725.686,599.604
342.532,851.841,350.202
339.631,851.246,475.167
336.731,850.652,600.132
473.249,604.789,352.06
470.348,604.195,477.025
467.448,603.6,601.99
470.357,729.755,352.588
467.456,729.16,477.553
464.556,728.565,602.517
467.464,854.72,353.115
464.564,854.125,478.08
461.664,853.531,603.045
598.182,607.668,354.973
595.281,607.074,479.938
592.381,606.479,604.903
595.29,732.634,355.501
592.389,732.039,480.466
589.489,731.444,605.431
592.397,857.599,356.029
589.497,857.005,480.994
586.597,856.41,605.958
349.488,600.305,473.941
347.173,601.858,598.91
344.858,603.411,723.879
351.543,725.279,472.426
349.228,726.832,597.395
346.913,728.385,722.364
353.599,850.253,470.911
351.284,851.806,595.88
348.969,853.359,720.849
474.449,598.278,476.281
472.134,599.831,601.25
469.819,601.384,726.219
476.505,723.252,474.766
474.19,724.805,599.735
471.875,726.358,724.704
478.561,848.226,473.251
476.246,849.779,598.22
473.931,851.332,723.189
599.411,596.251,478.621
597.096,597.804,603.59
594.781,599.357,728.559
601.467,721.225,477.106
599.152,722.778,602.075
596.837,724.331,727.044
603.522,846.199,475.591
601.207,847.752,600.56
598.892,849.305,725.529
349.129,600.288,600.19
347.731,602.104,725.169
346.333,603.92,850.148
347.924,725.269,598.361
346.526,727.085,723.34
345.129,728.901,848.319
346.719,850.25,596.532
345.321,852.066,721.511
343.924,853.881,846.49
474.115,601.513,601.57
472.717,603.329,726.549
471.32,605.145,851.528
472.91,726.494,599.741
471.512,728.31,724.72
470.115,730.126,849.699
471.705,851.475,597.912
470.308,853.291,722.891
468.91,855.107,847.87
599.101,602.739,602.95
597.704,604.554,727.929
596.306,606.37,852.908
597.896,727.719,601.121
596.499,729.535,726.1
595.101,731.351,851.079
596.692,852.7,599.292
595.294,854.516,724.271
593.896,856.332,849.25
475.285,101.249,99.7809
478.571,101.969,224.736
481.858,102.69,349.69
471.877,226.201,99.1501
475.163,226.921,224.105
478.45,227.642,349.06
468.469,351.153,98.5193
471.756,351.873,223.474
475.042,352.594,348.429
600.195,104.639,96.4761
603.481,105.359,221.431
606.768,106.08,346.386
596.787,229.591,95.8453
600.074,230.311,220.8
603.36,231.032,345.755
593.38,354.543,95.2145
596.666,355.263,220.169
599.953,355.984,345.124
725.105,108.029,93.1713
728.392,108.749,218.126
731.678,109.47,343.081
721.698,232.981,92.5405
724.984,233.701,217.495
728.271,234.422,342.45
718.29,357.933,91.9097
721.576,358.653,216.864
724.863,359.374,341.819
476.622,101.6,226.199
478.603,99.441,351.164
480.584,97.2822,476.13
476.555,226.581,228.359
478.536,224.422,353.324
480.516,222.264,478.29
476.488,351.562,230.519
478.468,349.404,355.484
480.449,347.245,480.45
601.607,101.701,224.219
603.587,99.5424,349.185
605.568,97.3837,474.151
601.539,226.682,226.379
603.52,224.524,351.345
605.501,222.365,476.311
601.472,351.664,228.539
603.453,349.505,353.505
605.433,347.346,478.471
726.591,101.803,222.24
728.572,99.6439,347.206
730.552,97.4852,472.171
726.524,226.784,224.4
728.504,224.625,349.366
730.485,222.466,474.331
726.456,351.765,226.56
728.437,349.607,351.526
730.418,347.448,476.491
475.341,98.4817,350.218
475.955,99.7671,475.21
476.568,101.053,600.202
474.167,223.47,348.938
474.781,224.755,473.93
475.394,226.04,598.922
472.994,348.458,347.659
473.607,349.743,472.651
474.22,351.028,597.643
600.334,99.6492,349.593
600.948,100.935,474.585
601.561,102.22,599.576
599.16,224.637,348.313
599.774,225.922,473.305
600.387,227.208,598.297
597.987,349.625,347.034
598.6,350.91,472.025
599.213,352.196,597.017
725.327,100.817,348.967
725.941,102.102,473.959
726.554,103.387,598.951
724.153,225.805,347.688
724.767,227.09,472.68
725.38,228.375,597.672
722.98,350.792,346.408
723.593,352.078,471.4
724.206,353.363,596.392
474.158,101.05,474.877
474.045,101.195,599.877
473.933,101.34,724.877
474.448,226.05,474.732
474.335,226.195,599.732
474.223,226.34,724.732
474.738,351.049,474.588
474.625,351.195,599.587
474.513,351.34,724.587
599.157,100.76,474.99
599.045,100.905,599.99
598.933,101.051,724.99
599.447,225.76,474.845
599.335,225.905,599.845
599.223,226.05,724.845
599.737,350.759,474.7
599.625,350.905,599.7
599.513,351.05,724.7
724.157,100.47,475.103
724.045,100.615,600.103
723.932,100.761,725.102
724.447,225.47,474.958
724.335,225.615,599.958
724.222,225.76,724.958
724.737,350.47,474.813
724.625,350.615,599.813
724.512,350.76,724.813
476.369,99.6802,599.458
473.573,102.879,724.386
470.778,106.077,849.313
479.424,224.604,596.328
476.629,227.802,721.255
473.833,231.001,846.183
482.479,349.527,593.198
479.684,352.726,718.125
476.888,355.924,843.053
601.3,96.6967,602.33
598.505,99.8953,727.258
595.709,103.094,852.185
604.356,221.62,599.2
601.56,224.819,724.128
598.764,228.017,849.055
607.411,346.544,596.07
604.615,349.742,720.997
601.82,352.941,845.925
726.232,93.7132,605.202
723.436,96.9118,730.13
720.641,100.11,855.057
729.287,218.637,602.072
726.491,221.835,727
723.696,225.034,851.927
732.342,343.56,598.942
729.547,346.759,723.869
726.751,349.957,848.797
474.709,225.196,100.067
472.314,222.962,225.024
469.919,220.728,349.981
477.96,350.133,102.363
475.565,347.899,227.32
473.171,345.665,352.277
481.211,475.07,104.659
478.816,472.836,229.616
476.422,470.601,354.573
599.644,221.902,102.402
597.249,219.668,227.359
594.854,217.434,352.316
602.895,346.839,104.698
600.5,344.605,229.655
598.105,342.371,354.612
606.146,471.776,106.994
603.751,469.542,231.951
601.356,467.308,356.908
724.578,218.609,104.737
722.184,216.374,229.694
719.789,214.14,354.651
727.829,343.545,107.033
725.435,341.311,231.99
723.04,339.077,356.947
731.081,468.482,109.329
728.686,466.248,234.286
726.291,464.014,359.243
473.17,223.288,225.589
469.555,221.964,350.53
465.94,220.639,475.47
470.256,348.248,226.829
466.641,346.924,351.77
463.026,345.599,476.711
467.343,473.208,228.07
463.728,471.884,353.011
460.112,470.559,477.951
598.084,226.165,229.234
594.469,224.84,354.175
590.853,223.516,479.115
595.17,351.125,230.474
591.555,349.8,355.415
587.94,348.475,480.356
592.257,476.084,231.715
588.641,474.76,356.655
585.026,473.435,481.596
722.998,229.041,232.879
719.382,227.716,357.819
715.767,226.392,482.76
720.084,354.001,234.119
716.469,352.676,359.06
712.854,351.352,484.001
717.17,478.961,235.36
713.555,477.636,360.3
709.94,476.312,485.241
474.715,226.122,349.152
477.279,225.988,474.126
479.844,225.854,599.099
473.352,351.115,349.314
475.916,350.98,474.288
478.481,350.846,599.262
471.989,476.107,349.476
474.553,475.973,474.45
477.118,475.839,599.424
599.681,227.488,346.589
602.245,227.354,471.563
604.81,227.22,596.536
598.318,352.48,346.751
600.882,352.346,471.725
603.447,352.212,596.699
596.955,477.473,346.914
599.52,477.339,471.887
602.084,477.205,596.861
724.647,228.854,344.026
727.212,228.72,469
729.776,228.586,593.974
723.284,353.846,344.188
725.849,353.712,469.162
728.413,353.578,594.136
721.921,478.839,344.351
724.486,478.705,469.324
727.05,478.57,594.298
476.513,223.877,474.468
473.562,223.955,599.433
470.611,224.033,724.398
477.215,348.875,474.406
474.264,348.953,599.371
471.313,349.031,724.336
477.917,473.873,474.344
474.966,473.951,599.309
472.015,474.029,724.274
601.476,223.176,477.419
598.525,223.254,602.384
595.574,223.333,727.349
602.179,348.174,477.357
599.227,348.252,602.323
596.276,348.331,727.288
602.881,473.172,477.296
599.93,473.251,602.261
596.979,473.329,727.226
726.44,222.476,480.371
723.489,222.554,605.336
720.538,222.632,730.301
727.142,347.474,480.309
724.191,347.552,605.274
721.24,347.63,730.239
727.844,472.472,480.247
724.893,472.55,605.212
721.942,472.628,730.177
473.941,223.71,598.631
474.904,224.021,723.627
475.867,224.332,848.623
474.477,348.708,598.316
475.44,349.019,723.312
476.403,349.33,848.308
475.012,473.707,598.001
475.976,474.018,722.997
476.939,474.329,847.993
598.936,223.172,597.669
599.899,223.483,722.665
600.863,223.794,847.661
599.472,348.17,597.354
600.435,348.481,722.35
601.398,348.792,847.346
600.007,473.169,597.039
600.971,473.48,722.035
601.934,473.791,847.031
723.931,222.634,596.707
724.894,222.945,721.703
725.858,223.256,846.699
724.467,347.632,596.392
725.43,347.943,721.388
726.393,348.254,846.384
725.003,472.631,596.077
725.966,472.942,721.073
726.929,473.253,846.069
475.721,351.157,100.527
478.287,349.21,225.486
480.852,347.263,350.444
478.894,476.102,102.409
481.459,474.155,227.367
484.024,472.208,352.326
482.066,601.048,104.29
484.631,599.101,229.249
487.197,597.154,354.208
600.655,348.024,97.9135
603.22,346.077,222.872
605.785,344.13,347.831
603.827,472.97,99.7952
606.392,471.022,224.754
608.958,469.075,349.712
607,597.915,101.677
609.565,595.968,226.635
612.13,594.021,351.594
725.588,344.891,95.3
728.154,342.944,220.258
730.719,340.997,345.217
728.761,469.837,97.1817
731.326,467.89,222.14
733.891,465.943,347.099
731.933,594.782,99.0634
734.498,592.835,224.022
737.064,590.888,348.98
473.929,350.617,223.882
476.561,351.592,348.85
479.193,352.568,473.819
475.395,475.605,222.876
478.028,476.58,347.844
480.66,477.555,472.813
476.862,600.592,221.87
479.494,601.567,346.838
482.126,602.542,471.806
598.893,349.13,221.261
601.525,350.105,346.23
604.157,351.08,471.198
600.359,474.117,220.255
602.991,475.092,345.224
605.623,476.068,470.192
601.826,599.105,219.249
604.458,600.08,344.218
607.09,601.055,469.186
723.856,347.643,218.641
726.488,348.618,343.609
729.121,349.593,468.578
725.323,472.63,217.635
727.955,473.605,342.603
730.587,474.58,467.572
726.789,597.617,216.629
729.421,598.593,341.597
732.053,599.568,466.566
474.262,350.58,351.053
476.324,353.36,476.005
478.386,356.14,600.957
472.305,475.534,348.306
474.367,478.314,473.258
476.43,481.094,598.21
470.348,600.489,345.558
472.411,603.269,470.51
474.473,606.049,595.462
599.229,352.491,348.948
601.292,355.271,473.9
603.354,358.05,598.852
597.273,477.445,346.2
599.335,480.225,471.152
601.397,483.005,596.105
595.316,602.4,343.453
597.378,605.179,468.405
599.441,607.959,593.357
724.197,354.401,346.843
726.259,357.181,471.795
728.322,359.961,596.747
722.24,479.356,344.095
724.303,482.136,469.047
726.365,484.916,593.999
720.284,604.31,341.348
722.346,607.09,466.3
724.408,609.87,591.252
476.068,350.78,475.01
477.192,348.049,599.975
478.315,345.318,724.94
473.904,475.732,477.76
475.028,473,602.726
476.151,470.269,727.691
471.74,600.683,480.511
472.863,597.951,605.476
473.987,595.22,730.441
601.045,352.969,473.935
602.168,350.238,598.9
603.291,347.507,723.865
598.881,477.92,476.685
600.004,475.189,601.65
601.127,472.458,726.615
596.716,602.871,479.435
597.84,600.14,604.4
598.963,597.409,729.365
726.021,355.157,472.859
727.144,352.426,597.824
728.267,349.695,722.789
723.857,480.108,475.609
724.98,477.377,600.574
726.103,474.646,725.54
721.693,605.059,478.36
722.816,602.328,603.325
723.939,599.597,728.29
474.175,349.796,598.217
472.32,350.044,723.203
470.465,350.292,848.189
473.468,474.794,597.959
471.613,475.042,722.945
469.758,475.29,847.931
472.761,599.792,597.701
470.906,600.04,722.687
469.051,600.287,847.673
599.159,350.507,600.071
597.304,350.755,725.057
595.449,351.003,850.043
598.453,475.505,599.813
596.598,475.752,724.799
594.742,476,849.785
597.746,600.502,599.554
595.891,600.75,724.54
594.036,600.998,849.526
724.144,351.218,601.925
722.289,351.465,726.911
720.434,351.713,851.897
723.437,476.215,601.666
721.582,476.463,726.652
719.727,476.711,851.638
722.73,601.213,601.408
720.875,601.461,726.394
719.02,601.709,851.38
473.73,476.911,98.1097
474.476,479.556,223.08
475.221,482.201,348.049
470.421,601.839,95.485
471.166,604.484,220.455
471.911,607.13,345.425
467.111,726.768,92.8603
467.857,729.413,217.83
468.602,732.058,342.8
598.684,480.204,97.2949
599.429,482.849,222.265
600.175,485.494,347.234
595.375,605.132,94.6702
596.12,607.777,219.64
596.865,610.423,344.61
592.065,730.061,92.0455
592.811,732.706,217.015
593.556,735.351,341.985
723.638,483.497,96.4801
724.383,486.142,221.45
725.129,488.787,346.42
720.329,608.425,93.8554
721.074,611.071,218.825
721.819,613.716,343.795
717.019,733.354,91.2307
717.764,735.999,216.2
718.51,738.644,341.17
474.069,476.978,226.529
476.088,474.133,351.48
478.108,471.288,476.432
477.705,601.894,229.314
479.724,599.049,354.266
481.744,596.205,479.217
481.341,726.81,232.1
483.36,723.965,357.051
485.379,721.121,482.002
599,473.389,224.428
601.019,470.544,349.38
603.039,467.699,474.331
602.636,598.305,227.214
604.655,595.46,352.165
606.674,592.615,477.116
606.271,723.221,229.999
608.291,720.376,354.95
610.31,717.531,479.902
723.931,469.799,222.328
725.95,466.955,347.279
727.969,464.11,472.23
727.566,594.715,225.113
729.586,591.871,350.064
731.605,589.026,475.016
731.202,719.632,227.898
733.222,716.787,352.85
735.241,713.942,477.801
476.274,475.393,351.624
477.985,474.894,476.612
479.697,474.396,601.599
476.828,600.39,352.115
478.539,599.892,477.102
480.251,599.394,602.09
477.382,725.388,352.606
479.093,724.89,477.593
480.805,724.392,602.58
601.261,474.845,349.911
602.972,474.347,474.898
604.684,473.849,599.885
601.815,599.843,350.401
603.526,599.345,475.389
605.238,598.847,600.376
602.369,724.841,350.892
604.08,724.343,475.879
605.792,723.845,600.867
726.248,474.298,348.197
727.959,473.8,473.185
729.671,473.302,598.172
726.802,599.296,348.688
728.513,598.798,473.675
730.225,598.3,598.662
727.356,724.294,349.178
729.067,723.796,474.166
730.779,723.297,599.153
475.98,475.178,474.259
478.651,475.068,599.231
481.323,474.957,724.202
474.641,600.171,474.399
477.312,600.061,599.37
479.983,599.95,724.341
473.301,725.164,474.538
475.973,725.053,599.509
478.644,724.943,724.481
600.944,476.52,471.589
603.616,476.41,596.561
606.287,476.299,721.532
599.605,601.513,471.729
602.276,601.403,596.7
604.948,601.292,721.671
598.266,726.506,471.868
600.937,726.395,596.839
603.608,726.285,721.811
725.909,477.862,468.919
728.58,477.752,593.891
731.251,477.641,718.862
724.569,602.855,469.059
727.241,602.744,594.03
729.912,602.634,719.001
723.23,727.848,469.198
725.901,727.737,594.169
728.573,727.627,719.141
473.541,475.47,598.977
471.554,475.151,723.96
469.566,474.832,848.944
475.097,600.46,599.32
473.109,600.141,724.304
471.122,599.822,849.288
476.652,725.449,599.664
474.665,725.131,724.648
472.677,724.812,849.631
598.516,473.909,600.96
596.528,473.59,725.944
594.541,473.271,850.928
600.071,598.899,601.304
598.084,598.58,726.288
596.096,598.261,851.271
601.627,723.889,601.647
599.639,723.57,726.631
597.652,723.251,851.615
723.49,472.348,602.944
721.503,472.029,727.927
719.515,471.711,852.911
725.046,597.338,603.287
723.058,597.019,728.271
721.071,596.7,853.255
726.601,722.328,603.631
724.614,722.009,728.615
722.626,721.69,853.598
473.56,599.952,99.7993
476.521,597.397,224.738
479.482,594.841,349.677
473.875,724.926,102.348
476.835,722.37,227.287
479.796,719.815,352.225
474.189,849.899,104.896
477.15,847.344,229.835
480.111,844.789,354.774
598.524,599.698,96.8327
601.485,597.143,221.771
604.446,594.587,346.71
598.839,724.672,99.3812
601.8,722.116,224.32
604.761,719.561,349.259
599.154,849.645,101.93
602.115,847.09,226.869
605.076,844.535,351.807
723.489,599.444,93.866
726.45,596.888,218.805
729.411,594.333,343.744
723.804,724.417,96.4145
726.765,721.862,221.353
729.725,719.307,346.292
724.118,849.391,98.9631
727.079,846.836,223.902
730.04,844.28,348.841
473.556,600.569,223.81
474.253,598.064,348.783
474.95,595.558,473.756
473.889,725.544,226.314
474.586,723.038,351.287
475.283,720.532,476.26
474.223,850.518,228.818
474.919,848.012,353.791
475.616,845.507,478.764
598.554,600.25,223.107
599.25,597.744,348.08
599.947,595.238,473.053
598.887,725.225,225.611
599.584,722.719,350.584
600.28,720.213,475.557
599.22,850.199,228.115
599.917,847.693,353.088
600.614,845.187,478.061
723.551,599.931,222.403
724.248,597.425,347.376
724.945,594.919,472.349
723.885,724.905,224.908
724.581,722.4,349.88
725.278,719.894,474.853
724.218,849.88,227.412
724.915,847.374,352.385
725.611,844.868,477.357
473.778,598.307,350.023
472.249,594.733,474.962
470.72,591.16,599.902
473.416,723.255,353.592
471.887,719.682,478.531
470.358,716.109,603.471
473.054,848.204,357.161
471.525,844.63,482.101
469.997,841.057,607.04
598.768,598.625,351.561
597.239,595.051,476.501
595.711,591.478,601.44
598.406,723.573,355.13
596.878,720,480.07
595.349,716.427,605.01
598.044,848.522,358.7
596.516,844.949,483.639
594.987,841.375,608.579
723.758,598.943,353.1
722.23,595.37,478.039
720.701,591.796,602.979
723.397,723.891,356.669
721.868,720.318,481.609
720.339,716.745,606.548
723.035,848.84,360.238
721.506,845.267,485.178
719.977,841.693,610.117
475.401,598.524,473.797
474.037,598.622,598.79
472.673,598.72,723.782
476.833,723.516,473.715
475.469,723.614,598.708
474.106,723.712,723.7
478.266,848.508,473.633
476.902,848.606,598.625
475.538,848.703,723.618
600.385,597.093,475.162
599.021,597.191,600.155
597.658,597.289,725.147
601.818,722.085,475.08
600.454,722.182,600.073
599.09,722.28,725.065
603.25,847.076,474.998
601.886,847.174,599.99
600.522,847.272,724.983
725.37,595.662,476.527
724.006,595.759,601.52
722.642,595.857,726.512
726.802,720.653,476.445
725.438,720.751,601.437
724.074,720.849,726.43
728.234,845.645,476.363
726.87,845.743,601.355
725.507,845.841,726.348
474.832,600.67,600.94
474.392,603.79,725.901
473.953,606.91,850.861
474.834,725.631,597.82
474.395,728.751,722.781
473.955,731.871,847.741
474.836,850.592,594.7
474.397,853.712,719.661
473.957,856.832,844.621
599.831,600.679,601.38
599.391,603.799,726.34
598.952,606.919,851.3
599.833,725.64,598.26
599.394,728.76,723.22
598.954,731.88,848.18
599.836,850.601,595.14
599.396,853.721,720.1
598.957,856.841,845.06
724.83,600.688,601.819
724.391,603.808,726.779
723.951,606.928,851.74
724.832,725.649,598.699
724.393,728.769,723.659
723.954,731.889,848.62
724.835,850.61,595.579
724.395,853.73,720.539
723.956,856.85,845.5
599.373,100.061,100.414
597.052,100.411,225.392
594.73,100.76,350.37
596.887,225.036,100.018
594.566,225.385,224.996
592.245,225.735,349.974
594.402,350.011,99.6227
592.081,350.36,224.601
589.76,350.709,349.579
724.326,102.553,102.728
722.005,102.903,227.706
719.684,103.252,352.684
721.841,227.528,102.332
719.52,227.877,227.31
717.199,228.227,352.288
719.356,352.503,101.936
717.035,352.852,226.914
714.714,353.202,351.892
849.28,105.046,105.041
846.959,105.395,230.019
844.638,105.744,354.997
846.795,230.02,104.646
844.474,230.37,229.624
842.153,230.719,354.602
844.31,354.995,104.25
841.988,355.344,229.228
839.667,355.694,354.206
599.136,98.8843,225.119
597.974,100.829,350.098
596.811,102.773,475.078
598.741,223.868,223.171
597.579,225.813,348.15
596.416,227.757,473.129
598.346,348.853,221.222
597.183,350.797,346.202
596.021,352.741,471.181
724.13,99.2977,226.275
722.968,101.242,351.254
721.805,103.186,476.234
723.735,224.282,224.327
722.572,226.226,349.306
721.41,228.171,474.286
723.34,349.266,222.379
722.177,351.21,347.358
721.015,353.155,472.338
849.124,99.7111,227.431
847.962,101.655,352.411
846.799,103.6,477.39
848.729,224.695,225.483
847.566,226.64,350.462
846.404,228.584,475.442
848.334,349.679,223.535
847.171,351.624,348.514
846.009,353.568,473.494
600.776,101.787,348.134
600.077,100.985,473.129
599.379,100.184,598.125
600.835,226.784,348.935
600.137,225.983,473.931
599.439,225.182,598.926
600.895,351.781,349.737
600.197,350.98,474.732
599.498,350.179,599.728
725.774,101.722,348.832
725.075,100.921,473.827
724.377,100.12,598.823
725.833,226.72,349.633
725.135,225.919,474.629
724.437,225.118,599.624
725.893,351.717,350.435
725.195,350.916,475.43
724.496,350.115,600.426
850.772,101.658,349.53
850.073,100.857,474.525
849.375,100.056,599.521
850.831,226.656,350.331
850.133,225.855,475.327
849.435,225.054,600.322
850.891,351.653,351.133
850.193,350.852,476.128
849.494,350.051,601.124
601.223,100,473.923
603.991,103.235,598.85
606.759,106.471,723.778
598.271,224.925,470.753
601.039,228.16,595.68
603.808,231.396,720.608
595.319,349.85,467.583
598.088,353.085,592.511
600.856,356.32,717.438
726.157,102.88,471.08
728.925,106.115,596.007
731.694,109.35,720.935
723.205,227.805,467.91
725.974,231.04,592.837
728.742,234.275,717.765
720.254,352.73,464.74
723.022,355.965,589.668
725.79,359.2,714.595
851.092,105.76,468.237
853.86,108.995,593.164
856.628,112.23,718.092
848.14,230.684,465.067
850.908,233.92,589.995
853.676,237.155,714.922
845.188,355.609,461.897
847.957,358.845,586.825
850.725,362.08,711.752
601.733,99.0167,599.761
603.817,98.14,724.741
605.902,97.2633,849.721
604.847,223.975,600.586
606.931,223.099,725.566
609.016,222.222,850.545
607.961,348.934,601.411
610.045,348.057,726.39
612.13,347.18,851.37
726.677,95.9169,597.656
728.761,95.0403,722.635
730.845,94.1636,847.615
729.791,220.875,598.48
731.875,219.999,723.46
733.959,219.122,848.44
732.905,345.834,599.305
734.989,344.957,724.285
737.073,344.081,849.264
851.62,92.8172,595.55
853.705,91.9405,720.53
855.789,91.0638,845.509
854.734,217.776,596.375
856.819,216.899,721.354
858.903,216.022,846.334
857.848,342.734,597.199
859.933,341.857,722.179
862.017,340.981,847.159
601.524,226.901,98.6392
603.144,227.194,223.628
604.764,227.486,348.617
601.087,351.9,98.352
602.708,352.193,223.341
604.328,352.485,348.33
600.651,476.899,98.0648
602.271,477.191,223.054
603.891,477.484,348.043
726.512,227.333,97.018
728.133,227.626,222.007
729.753,227.919,346.996
726.076,352.332,96.7308
727.696,352.625,221.72
729.316,352.918,346.709
725.64,477.331,96.4437
727.26,477.624,221.433
728.88,477.917,346.422
851.501,227.766,95.3969
853.121,228.059,220.386
854.741,228.351,345.375
851.065,352.765,95.1097
852.685,353.057,220.099
854.305,353.35,345.088
850.629,477.764,94.8225
852.249,478.056,219.812
853.869,478.349,344.801
599.269,226.149,226.095
601.952,229.861,351.011
604.634,233.573,475.927
600.063,351.091,222.365
602.745,354.803,347.281
605.427,358.515,472.197
600.856,476.033,218.636
603.538,479.745,343.552
606.221,483.456,468.468
724.238,225.276,223.437
726.92,228.988,348.353
729.603,232.7,473.269
725.031,350.218,219.708
727.714,353.93,344.624
730.396,357.642,469.54
725.825,475.16,215.978
728.507,478.872,340.894
731.189,482.584,465.81
849.207,224.404,220.78
851.889,228.115,345.696
854.571,231.827,470.612
850,349.345,217.05
852.682,353.057,341.966
855.365,356.769,466.882
850.793,474.287,213.321
853.476,477.999,338.237
856.158,481.711,463.153
599.193,224.221,350.95
599.473,221.331,475.916
599.753,218.442,600.883
597.125,349.17,353.844
597.405,346.281,478.81
597.685,343.392,603.776
595.056,474.119,356.737
595.337,471.23,481.703
595.617,468.341,606.669
724.176,226.295,350.718
724.456,223.406,475.684
724.736,220.516,600.65
722.107,351.244,353.611
722.388,348.355,478.578
722.668,345.466,603.544
720.039,476.194,356.505
720.319,473.304,481.471
720.599,470.415,606.437
849.158,228.369,350.486
849.438,225.48,475.452
849.719,222.591,600.418
847.09,353.318,353.379
847.37,350.429,478.345
847.65,347.54,603.311
845.022,478.268,356.272
845.302,475.379,481.239
845.582,472.489,606.205
598.291,224.678,475.034
596.426,226.921,600
594.561,229.163,724.966
595.434,349.625,472.749
593.569,351.867,597.715
591.704,354.11,722.681
592.577,474.571,470.464
590.712,476.814,595.43
588.847,479.056,720.396
723.244,227.568,476.846
721.38,229.811,601.812
719.515,232.054,726.778
720.387,352.515,474.562
718.523,354.757,599.527
716.658,357,724.493
717.53,477.461,472.277
715.665,479.704,597.243
713.801,481.947,722.209
848.198,230.459,478.659
846.333,232.701,603.625
844.468,234.944,728.591
845.341,355.405,476.374
843.476,357.648,601.34
841.611,359.89,726.306
842.484,480.352,474.089
840.619,482.594,599.055
838.754,484.837,724.021
600.853,226.083,600.453
601.026,229.724,725.399
601.198,233.364,850.346
600.525,351.03,596.813
600.698,354.67,721.76
600.871,358.31,846.707
600.198,475.976,593.173
600.37,479.617,718.12
600.543,483.257,843.067
725.852,226.406,600.27
726.025,230.046,725.217
726.198,233.686,850.164
725.525,351.352,596.631
725.697,354.993,721.577
725.87,358.633,846.524
725.197,476.299,592.991
725.37,479.939,717.938
725.543,483.579,842.885
850.852,226.728,600.088
851.025,230.368,725.035
851.197,234.009,849.982
850.524,351.675,596.448
850.697,355.315,721.395
850.87,358.955,846.342
850.197,476.621,592.809
850.369,480.261,717.756
850.542,483.902,842.702
599.361,349.251,100.339
600.034,351.937,225.308
600.708,354.623,350.277
603.055,474.167,97.6339
603.728,476.853,222.603
604.401,479.539,347.573
606.748,599.083,94.9289
607.421,601.769,219.898
608.094,604.455,344.868
724.305,345.544,99.7456
724.978,348.23,224.715
725.651,350.916,349.684
727.998,470.46,97.0407
728.671,473.146,222.01
729.344,475.832,346.979
731.691,595.376,94.3357
732.364,598.062,219.305
733.037,600.749,344.274
849.249,341.837,99.1524
849.922,344.523,224.122
850.595,347.21,349.091
852.942,466.753,96.4475
853.615,469.439,221.417
854.288,472.126,346.386
856.635,591.669,93.7425
857.308,594.356,218.712
857.981,597.042,343.681
601.489,349.8,224.213
600.949,352.349,349.185
600.409,354.899,474.158
598.199,474.73,221.65
597.659,477.28,346.622
597.12,479.829,471.595
594.91,599.661,219.087
594.37,602.21,344.06
593.83,604.76,469.032
726.445,353.1,224.685
725.905,355.65,349.658
725.365,358.199,474.631
723.155,478.03,222.122
722.615,480.58,347.095
722.075,483.13,472.068
719.865,602.961,219.559
719.325,605.51,344.532
718.785,608.06,469.505
851.4,356.4,225.158
850.86,358.95,350.13
850.32,361.499,475.103
848.11,481.331,222.595
847.571,483.88,347.568
847.031,486.43,472.54
844.821,606.261,220.032
844.281,608.811,345.005
843.741,611.36,469.977
601.989,351.741,350.781
603.757,350.925,475.766
605.526,350.109,600.751
603.109,476.733,351.581
604.878,475.917,476.566
606.646,475.101,601.551
604.229,601.726,352.382
605.998,600.91,477.366
607.767,600.094,602.351
726.971,350.632,349.005
728.74,349.816,473.99
730.509,349,598.975
728.091,475.625,349.805
729.86,474.809,474.79
731.629,473.993,599.775
729.211,600.617,350.605
730.98,599.801,475.59
732.749,598.985,600.575
851.953,349.524,347.229
853.722,348.708,472.214
855.491,347.892,597.198
853.074,474.516,348.029
854.842,473.7,473.014
856.611,472.884,597.999
854.194,599.509,348.829
855.963,598.693,473.814
857.731,597.877,598.799
599.937,350.409,474.761
600.65,354.095,599.704
601.362,357.78,724.648
600.962,475.351,471.07
601.675,479.036,596.013
602.388,482.721,720.957
601.988,600.292,467.379
602.7,603.977,592.322
603.413,607.662,717.266
724.931,349.363,474.079
725.643,353.049,599.022
726.356,356.734,723.966
725.956,474.305,470.388
726.669,477.99,595.331
727.382,481.675,720.275
726.981,599.246,466.697
727.694,602.931,591.64
728.407,606.617,716.584
849.924,348.318,473.396
850.637,352.003,598.34
851.35,355.688,723.284
850.95,473.259,469.705
851.663,476.944,594.649
852.375,480.629,719.593
851.975,598.2,466.014
852.688,601.885,590.958
853.401,605.571,715.902
600.768,349.399,599.903
599.42,346.636,724.865
598.071,343.873,849.828
603.707,474.333,602.698
602.358,471.57,727.66
601.01,468.807,852.622
606.645,599.268,605.492
605.297,596.504,730.454
603.948,593.741,855.416
725.726,346.431,601.186
724.378,343.668,726.148
723.029,340.905,851.11
728.665,471.366,603.98
727.316,468.602,728.942
725.968,465.839,853.905
731.603,596.3,606.775
730.255,593.537,731.737
728.906,590.774,856.699
850.684,343.464,602.469
849.336,340.701,727.431
847.987,337.937,852.393
853.623,468.398,605.263
852.274,465.635,730.225
850.926,462.872,855.187
856.561,593.332,608.057
855.213,590.569,733.02
853.864,587.806,857.982
599.41,476.368,101.268
600.079,478.99,226.238
600.748,481.611,351.209
601.52,601.323,98.6352
602.19,603.944,223.606
602.859,606.566,348.577
603.631,726.277,96.0028
604.3,728.899,220.974
604.969,731.52,345.944
724.39,474.244,100.643
725.059,476.866,225.614
725.728,479.487,350.584
726.501,599.199,98.0105
727.17,601.82,222.981
727.839,604.441,347.952
728.612,724.153,95.3782
729.281,726.774,220.349
729.95,729.396,345.32
849.371,472.12,100.018
850.04,474.741,224.989
850.709,477.363,349.96
851.481,597.074,97.3859
852.15,599.696,222.357
852.82,602.317,347.327
853.592,722.029,94.7535
854.261,724.65,219.724
854.93,727.272,344.695
598.211,473.345,223.52
598.706,473.515,348.519
599.201,473.686,473.518
600.369,598.326,223.341
600.865,598.497,348.34
601.36,598.667,473.339
602.528,723.307,223.162
603.023,723.478,348.16
603.518,723.649,473.159
723.191,471.186,223.028
723.687,471.356,348.027
724.182,471.527,473.026
725.35,596.167,222.849
725.845,596.337,347.847
726.34,596.508,472.846
727.508,721.148,222.669
728.003,721.319,347.668
728.499,721.489,472.667
848.172,469.026,222.536
848.667,469.197,347.535
849.162,469.368,472.533
850.33,594.008,222.356
850.825,594.178,347.355
851.321,594.349,472.354
852.489,718.989,222.177
852.984,719.16,347.176
853.479,719.33,472.175
599.021,474.661,351.418
602.655,473.309,476.358
606.29,471.956,601.298
602.291,599.612,352.676
605.926,598.26,477.616
609.56,596.907,602.556
605.562,724.563,353.933
609.196,723.211,478.873
612.83,721.858,603.813
723.925,471.429,347.75
727.56,470.077,472.69
731.194,468.724,597.63
727.196,596.38,349.008
730.83,595.027,473.948
734.464,593.675,598.887
730.466,721.331,350.265
734.1,719.978,475.205
737.735,718.626,600.145
848.83,468.197,344.082
852.464,466.844,469.022
856.098,465.492,593.962
852.1,593.148,345.339
855.734,591.795,470.279
859.369,590.443,595.219
855.37,718.099,346.597
859.005,716.746,471.537
862.639,715.394,596.477
598.761,473.229,475.907
600.419,469.819,600.849
602.078,466.409,725.792
600.572,598.17,479.293
602.23,594.76,604.236
603.889,591.35,729.178
602.383,723.111,482.679
604.041,719.701,607.622
605.7,716.291,732.564
723.737,471.464,474.2
725.395,468.054,599.143
727.053,464.644,724.085
725.548,596.405,477.586
727.206,592.995,602.529
728.864,589.585,727.471
727.359,721.346,480.972
729.017,717.936,605.915
730.675,714.526,730.857
848.713,469.699,472.493
850.371,466.289,597.436
852.029,462.879,722.378
850.524,594.64,475.879
852.182,591.23,600.822
853.84,587.82,725.764
852.335,719.581,479.266
853.993,716.171,604.208
855.651,712.761,729.151
600.074,473.72,598.559
597.167,473.998,723.524
594.259,474.276,848.49
600.365,598.72,598.288
597.458,598.997,723.253
594.551,599.275,848.219
600.656,723.719,598.017
597.749,723.997,722.982
594.842,724.275,847.948
725.04,473.435,601.466
722.132,473.713,726.432
719.225,473.991,851.398
725.331,598.435,601.195
722.424,598.712,726.161
719.517,598.99,851.127
725.622,723.434,600.924
722.715,723.712,725.89
719.808,723.99,850.856
850.005,473.15,604.374
847.098,473.428,729.34
844.191,473.706,854.306
850.297,598.15,604.103
847.39,598.428,729.069
844.482,598.705,854.035
850.588,723.149,603.832
847.681,723.427,728.798
844.774,723.705,853.764
598.77,598.066,100.875
596.364,599.327,225.845
593.958,600.587,350.816
599.37,723.058,99.6253
596.965,724.319,224.596
594.559,725.58,349.566
599.971,848.051,98.376
597.565,849.311,223.347
595.16,850.572,348.317
723.745,597.49,103.286
721.339,598.75,228.257
718.933,600.011,353.227
724.346,722.482,102.037
721.94,723.743,227.007
719.534,725.003,351.978
724.947,847.474,100.788
722.541,848.735,225.758
720.135,849.995,350.729
848.72,596.913,105.698
846.315,598.174,230.668
843.909,599.434,355.639
849.321,721.905,104.449
846.915,723.166,229.419
844.51,724.427,354.39
849.922,846.898,103.199
847.516,848.158,228.17
845.11,849.419,353.14
598.164,600.923,226.434
600.036,603.336,351.396
601.908,605.749,476.359
600.517,725.877,223.985
602.389,728.29,348.948
604.26,730.703,473.911
602.87,850.831,221.537
604.741,853.244,346.5
606.613,855.657,471.463
723.128,598.534,224.608
725,600.947,349.571
726.872,603.36,474.533
725.481,723.488,222.16
727.352,725.901,347.122
729.224,728.314,472.085
727.833,848.442,219.712
729.705,850.855,344.674
731.577,853.268,469.637
848.092,596.146,222.782
849.964,598.559,347.745
851.835,600.972,472.708
850.445,721.1,220.334
852.316,723.513,345.297
854.188,725.926,470.26
852.797,846.053,217.886
854.669,848.467,342.849
856.541,850.88,467.811
601.212,599.036,351.518
600.7,596.133,476.483
600.188,593.23,601.448
602.291,723.998,354.426
601.779,721.095,479.391
601.267,718.191,604.356
603.371,848.96,357.333
602.859,846.056,482.299
602.347,843.153,607.264
726.207,597.946,352.004
725.695,595.042,476.97
725.183,592.139,601.935
727.286,722.907,354.912
726.774,720.004,479.877
726.262,717.1,604.843
728.365,847.869,357.82
727.853,844.965,482.785
727.341,842.062,607.751
851.201,596.855,352.491
850.689,593.951,477.456
850.177,591.048,602.422
852.28,721.816,355.399
851.768,718.913,480.364
851.256,716.009,605.329
853.359,846.778,358.307
852.847,843.874,483.272
852.335,840.971,608.237
598.01,600.177,475.52
594.69,600.199,600.476
591.37,600.22,725.432
596.721,725.17,475.464
593.401,725.192,600.42
590.081,725.214,725.376
595.431,850.164,475.408
592.111,850.185,600.364
588.791,850.207,725.32
722.96,601.468,478.84
719.639,601.489,603.796
716.319,601.511,728.752
721.67,726.461,478.784
718.35,726.483,603.74
715.03,726.504,728.696
720.381,851.454,478.728
717.061,851.476,603.684
713.74,851.497,728.64
847.909,602.758,482.16
844.589,602.78,607.116
841.269,602.801,732.072
846.619,727.751,482.104
843.299,727.773,607.06
839.979,727.795,732.016
845.33,852.745,482.048
842.01,852.766,607.004
838.69,852.788,731.96
601.397,601.622,600.873
601.104,604.311,725.844
600.811,606.999,850.815
602.576,726.587,598.187
602.283,729.276,723.158
601.99,731.965,848.129
603.755,851.553,595.501
603.462,854.242,720.472
603.169,856.931,845.443
726.392,600.449,601.192
726.099,603.138,726.162
725.806,605.827,851.133
727.57,725.415,598.506
727.277,728.104,723.476
726.985,730.793,848.447
728.749,850.38,595.819
728.456,853.069,720.79
728.163,855.758,845.761
851.386,599.277,601.51
851.093,601.966,726.481
850.8,604.655,851.451
852.565,724.242,598.824
852.272,726.931,723.795
851.979,729.62,848.765
853.744,849.208,596.138
853.451,851.897,721.108
853.158,854.586,846.079
