27,125,OUTPUT/pa2-unknown-j-output1.txt
191.404,197.338,196.105
320.389,324.998,113.678
99.7035,99.6711,100.993
100.735,98.3108,225.981
101.766,96.9504,350.969
100.328,224.662,102.348
101.359,223.302,227.336
102.39,221.942,352.325
100.953,349.653,103.703
101.984,348.293,228.692
103.015,346.933,353.68
224.698,99.0577,99.955
225.729,97.6973,224.943
226.76,96.337,349.932
225.322,224.049,101.31
226.353,222.688,226.299
227.384,221.328,351.287
225.947,349.04,102.665
226.978,347.679,227.654
228.009,346.319,352.642
349.692,98.4442,98.9173
350.723,97.0839,223.906
351.754,95.7235,348.894
350.317,223.435,100.273
351.348,222.075,225.261
352.379,220.715,350.249
350.941,348.426,101.628
351.972,347.066,226.616
353.003,345.706,351.604
99.6253,98.7226,224.964
96.8236,100.586,349.918
94.022,102.449,474.873
100.068,223.708,223.11
97.2667,225.572,348.065
94.465,227.435,473.019
100.511,348.694,221.256
97.7097,350.557,346.211
94.908,352.42,471.165
224.593,98.3213,227.772
221.791,100.185,352.726
218.99,102.048,477.681
225.036,223.307,225.918
222.234,225.17,350.872
219.433,227.034,475.827
225.479,348.292,224.064
222.678,350.156,349.019
219.876,352.019,473.973
349.561,97.92,230.58
346.759,99.7834,355.534
343.958,101.647,480.489
350.004,222.905,228.726
347.202,224.769,353.68
344.401,226.632,478.635
350.447,347.891,226.872
347.645,349.754,351.826
344.844,351.618,476.781
98.9086,101.308,349.365
99.7036,100.872,474.362
100.499,100.436,599.358
98.947,226.307,349.801
99.742,225.871,474.798
100.537,225.435,599.794
98.9854,351.307,350.237
99.7804,350.87,475.234
100.575,350.434,600.23
223.906,101.273,348.57
224.701,100.836,473.566
225.496,100.4,598.563
223.944,226.272,349.006
224.74,225.836,474.002
225.535,225.399,598.999
223.983,351.271,349.442
224.778,350.835,474.438
225.573,350.399,599.435
348.904,101.237,347.775
349.699,100.801,472.771
350.494,100.364,597.768
348.942,226.236,348.211
349.737,225.8,473.207
350.532,225.364,598.204
348.98,351.235,348.646
349.775,350.799,473.643
350.57,350.363,598.64
98.4139,101.685,475.482
99.6353,99.7395,600.461
100.857,97.7941,725.44
97.4595,226.666,477.437
98.6808,224.721,602.416
99.9022,222.775,727.394
96.505,351.647,479.391
97.7264,349.702,604.37
98.9478,347.756,729.349
223.404,102.658,474.275
224.626,100.713,599.254
225.847,98.7675,724.233
222.45,227.64,476.23
223.671,225.694,601.209
224.893,223.749,726.188
221.495,352.621,478.185
222.717,350.675,603.164
223.938,348.73,728.143
348.395,103.632,473.069
349.616,101.686,598.048
350.837,99.7409,723.027
347.44,228.613,475.024
348.662,226.667,600.003
349.883,224.722,724.982
346.486,353.594,476.979
347.707,351.648,601.958
348.929,349.703,726.937
102.003,98.7681,600.534
101.364,97.1804,725.522
100.724,95.5928,850.51
99.9595,223.741,602.111
99.3203,222.154,727.099
98.6811,220.566,852.087
97.9161,348.715,603.688
97.2769,347.127,728.676
96.6377,345.539,853.664
226.985,100.803,601.199
226.345,99.2155,726.187
225.706,97.6279,851.175
224.941,225.777,602.776
224.302,224.189,727.764
223.663,222.601,852.752
222.898,350.75,604.353
222.259,349.162,729.341
221.619,347.575,854.329
351.966,102.838,601.864
351.327,101.251,726.852
350.688,99.663,851.84
349.923,227.812,603.441
349.284,226.224,728.429
348.644,224.636,853.417
347.879,352.785,605.018
347.24,351.197,730.006
346.601,349.61,854.994
99.8974,226.639,101.824
101.491,224.343,226.792
103.085,222.046,351.761
102.805,351.585,104.082
104.398,349.288,229.051
105.992,346.992,354.02
105.712,476.53,106.341
107.306,474.234,231.31
108.9,471.938,356.279
224.853,223.761,100.177
226.447,221.465,225.146
228.041,219.169,350.114
227.761,348.707,102.436
229.355,346.411,227.404
230.948,344.114,352.373
230.668,473.653,104.695
232.262,471.356,229.663
233.856,469.06,354.632
349.809,220.884,98.5303
351.403,218.587,223.499
352.997,216.291,348.468
352.717,345.829,100.789
354.311,343.533,225.758
355.904,341.237,350.727
355.624,470.775,103.048
357.218,468.479,228.017
358.812,466.182,352.985
100.438,225.584,224.504
96.8265,228.498,349.418
93.2149,231.411,474.331
98.3217,350.531,221.528
94.7101,353.444,346.442
91.0986,356.358,471.356
96.2053,475.477,218.552
92.5938,478.391,343.466
88.9823,481.305,468.38
225.368,227.785,228.064
221.756,230.699,352.978
218.145,233.612,477.892
223.252,352.731,225.089
219.64,355.645,350.003
216.029,358.559,474.916
221.135,477.678,222.113
217.524,480.592,347.027
213.912,483.506,471.941
350.298,229.986,231.625
346.686,232.899,356.539
343.075,235.813,481.453
348.181,354.932,228.649
344.57,357.846,353.563
340.958,360.76,478.477
346.065,479.879,225.674
342.454,482.793,350.588
338.842,485.706,475.501
100.914,223.837,350.894
104.387,225.223,475.838
107.859,226.609,600.782
97.3188,348.779,349.608
100.791,350.165,474.552
104.263,351.551,599.496
93.7234,473.721,348.322
97.1957,475.107,473.266
100.668,476.493,598.21
225.814,227.396,347.384
229.287,228.782,472.328
232.759,230.168,597.272
222.219,352.337,346.097
225.691,353.723,471.042
229.163,355.109,595.986
218.623,477.279,344.811
222.096,478.665,469.755
225.568,480.051,594.7
350.714,230.954,343.873
354.187,232.34,468.817
357.659,233.726,593.761
347.119,355.895,342.587
350.591,357.281,467.531
354.063,358.667,592.475
343.523,480.837,341.301
346.996,482.223,466.245
350.468,483.609,591.189
101.836,226.352,474.595
99.1175,222.739,599.513
96.3988,219.127,724.432
105.089,351.255,478.278
102.371,347.643,603.196
99.6519,344.03,728.114
108.342,476.158,481.961
105.624,472.546,606.879
102.905,468.934,731.797
226.764,223.021,477.218
224.046,219.408,602.136
221.327,215.796,727.054
230.017,347.924,480.9
227.299,344.312,605.819
224.58,340.699,730.737
233.27,472.827,484.583
230.552,469.215,609.501
227.833,465.603,734.42
351.692,219.689,479.84
348.974,216.077,604.758
346.255,212.465,729.677
354.945,344.593,483.523
352.227,340.98,608.441
349.508,337.368,733.359
358.199,469.496,487.206
355.48,465.884,612.124
352.761,462.271,737.042
99.4575,223.079,600.765
96.5065,226.602,725.68
93.5556,230.126,850.596
96.2877,347.987,597.167
93.3368,351.51,722.082
90.3858,355.034,846.998
93.118,472.895,593.569
90.167,476.418,718.485
87.216,479.942,843.4
224.382,226.332,603.624
221.432,229.855,728.54
218.481,233.378,853.455
221.213,351.24,600.026
218.262,354.763,724.942
215.311,358.286,849.857
218.043,476.148,596.428
215.092,479.671,721.344
212.141,483.194,846.259
349.307,229.584,606.484
346.356,233.108,731.399
343.405,236.631,856.315
346.138,354.492,602.886
343.187,358.016,727.801
340.236,361.539,852.717
342.968,479.4,599.288
340.017,482.924,724.203
337.066,486.447,849.119
100.002,348.144,100.395
98.2272,348.305,225.382
96.4528,348.466,350.369
97.6134,473.121,100.2
95.839,473.282,225.187
94.0645,473.444,350.174
95.2252,598.098,100.004
93.4507,598.259,224.992
91.6763,598.421,349.979
224.966,350.535,102.166
223.192,350.696,227.153
221.417,350.857,352.14
222.578,475.512,101.971
220.804,475.673,226.958
219.029,475.834,351.945
220.19,600.489,101.775
218.415,600.65,226.763
216.641,600.811,351.75
349.931,352.925,103.937
348.156,353.087,228.924
346.382,353.248,353.911
347.543,477.902,103.742
345.768,478.064,228.729
343.994,478.225,353.716
345.154,602.879,103.546
343.38,603.041,228.534
341.605,603.202,353.521
99.2802,348.54,223.628
101.228,351.69,348.573
103.175,354.839,473.518
101.044,473.488,220.451
102.992,476.637,345.396
104.939,479.786,470.341
102.809,598.435,217.274
104.756,601.584,342.219
106.703,604.733,467.165
224.253,346.728,221.726
226.2,349.877,346.671
228.148,353.026,471.616
226.017,471.675,218.549
227.964,474.824,343.494
229.912,477.973,468.439
227.781,596.622,215.372
229.728,599.771,340.317
231.676,602.921,465.262
349.225,344.915,219.824
351.172,348.064,344.769
353.12,351.213,469.714
350.989,469.862,216.647
352.937,473.011,341.592
354.884,476.161,466.537
352.753,594.809,213.47
354.701,597.958,338.415
356.648,601.108,463.36
101.789,350.739,349.622
99.0074,352.575,474.578
96.2256,354.41,599.533
99.1633,475.698,347.729
96.3815,477.533,472.684
93.5997,479.368,597.64
96.5374,600.656,345.835
93.7556,602.491,470.791
90.9739,604.326,595.746
226.731,353.407,352.365
223.949,355.242,477.32
221.167,357.077,602.276
224.105,478.365,350.471
221.323,480.2,475.427
218.541,482.035,600.382
221.479,603.323,348.577
218.697,605.158,473.533
215.915,606.993,598.488
351.672,356.074,355.107
348.89,357.909,480.062
346.109,359.744,605.018
349.046,481.032,353.213
346.264,482.867,478.169
343.483,484.702,603.124
346.42,605.99,351.32
343.639,607.825,476.275
340.857,609.66,601.231
101.475,349.228,476.14
103.011,349.232,601.131
104.547,349.237,726.122
104.994,474.178,476.093
106.53,474.182,601.083
108.066,474.187,726.074
108.513,599.128,476.045
110.049,599.133,601.035
111.585,599.137,726.026
226.417,345.708,474.605
227.952,345.713,599.596
229.488,345.717,724.586
229.935,470.659,474.558
231.471,470.663,599.548
233.007,470.668,724.539
233.454,595.609,474.51
234.99,595.614,599.5
236.526,595.618,724.491
351.358,342.189,473.07
352.893,342.194,598.061
354.429,342.198,723.051
354.876,467.14,473.022
356.412,467.144,598.013
357.948,467.149,723.004
358.395,592.09,472.975
359.931,592.095,597.965
361.467,592.099,722.956
98.8514,350.385,598.806
95.8905,348.013,723.748
92.9296,345.64,848.69
95.1043,475.308,601.089
92.1434,472.936,726.032
89.1825,470.563,850.974
91.3571,600.231,603.373
88.3962,597.859,728.315
85.4353,595.486,853.257
223.76,354.077,601.836
220.799,351.704,726.778
217.838,349.331,851.721
220.013,479,604.119
217.052,476.627,729.062
214.091,474.254,854.004
216.266,603.922,606.403
213.305,601.55,731.345
210.344,599.177,856.288
348.669,357.768,604.866
345.708,355.395,729.808
342.747,353.023,854.751
344.922,482.691,607.15
341.961,480.318,732.092
339,477.946,857.034
341.175,607.614,609.433
338.214,605.241,734.375
335.253,602.869,859.318
99.8591,473.049,100.19
99.5682,475.192,225.172
99.2773,477.335,350.153
96.6681,597.99,98.0412
96.3772,600.133,223.022
96.0863,602.275,348.004
93.4771,722.931,95.8919
93.1863,725.074,220.873
92.8954,727.216,345.854
224.818,476.245,100.427
224.527,478.388,225.408
224.236,480.53,350.389
221.627,601.186,98.2773
221.336,603.328,223.259
221.045,605.471,348.24
218.436,726.126,96.128
218.145,728.269,221.109
217.854,730.412,346.091
349.777,479.44,100.663
349.486,481.583,225.644
349.195,483.726,350.625
346.586,604.381,98.5133
346.295,606.524,223.495
346.004,608.666,348.476
343.395,729.322,96.364
343.104,731.465,221.345
342.813,733.607,346.327
99.672,476.505,225.293
99.1087,479.358,350.259
98.5454,482.212,475.225
100.469,601.47,222.443
99.9054,604.323,347.409
99.3421,607.177,472.375
101.265,726.435,219.593
100.702,729.288,344.56
100.139,732.142,469.526
224.668,475.721,225.874
224.105,478.575,350.84
223.542,481.428,475.807
225.465,600.686,223.024
224.902,603.54,347.991
224.338,606.393,472.957
226.261,725.651,220.175
225.698,728.505,345.141
225.135,731.358,470.107
349.664,474.938,226.455
349.101,477.791,351.422
348.538,480.645,476.388
350.461,599.903,223.606
349.898,602.756,348.572
349.334,605.61,473.538
351.258,724.868,220.756
350.694,727.721,345.722
350.131,730.574,470.688
101.185,473.888,350.384
99.2875,476.918,475.333
97.3905,479.947,600.282
99.462,598.839,347.329
97.565,601.869,472.277
95.668,604.898,597.226
97.7395,723.79,344.273
95.8425,726.819,469.222
93.9455,729.849,594.171
226.158,475.657,352.239
224.261,478.686,477.188
222.364,481.715,602.136
224.436,600.607,349.183
222.539,603.637,474.132
220.642,606.666,599.081
222.713,725.558,346.127
220.816,728.588,471.076
218.919,731.617,596.025
351.132,477.425,354.093
349.235,480.454,479.042
347.338,483.484,603.991
349.409,602.376,351.038
347.512,605.405,475.986
345.615,608.434,600.935
347.687,727.326,347.982
345.79,730.356,472.931
343.893,733.385,597.88
99.5897,476.391,473.319
98.1027,474.184,598.291
96.6157,471.978,723.262
96.7916,601.341,475.492
95.3046,599.134,600.464
93.8176,596.927,725.436
93.9936,726.291,477.666
92.5066,724.084,602.637
91.0196,721.877,727.609
224.549,479.163,474.855
223.062,476.956,599.827
221.576,474.749,724.798
221.751,604.113,477.028
220.264,601.906,602
218.777,599.699,726.971
218.953,729.062,479.201
217.466,726.856,604.173
215.979,724.649,729.145
349.509,481.934,476.391
348.022,479.728,601.362
346.535,477.521,726.334
346.711,606.884,478.564
345.224,604.677,603.536
343.737,602.47,728.507
343.913,731.834,480.737
342.426,729.627,605.709
340.939,727.42,730.68
99.1938,476.402,601.469
102.07,476.557,726.435
104.947,476.713,851.402
101.192,601.385,601.267
104.068,601.541,726.234
106.945,601.697,851.201
103.19,726.369,601.065
106.066,726.525,726.032
108.943,726.681,850.999
224.145,474.4,598.595
227.021,474.555,723.562
229.898,474.711,848.528
226.143,599.383,598.393
229.019,599.539,723.36
231.896,599.695,848.327
228.141,724.367,598.192
231.017,724.523,723.158
233.894,724.679,848.125
349.096,472.397,595.721
351.972,472.553,720.688
354.849,472.709,845.655
351.094,597.381,595.519
353.97,597.537,720.486
356.847,597.693,845.453
353.092,722.365,595.318
355.968,722.521,720.285
358.845,722.676,845.251
100.941,598.13,98.7897
100.413,599.239,223.784
99.8853,600.348,348.778
97.5808,723.08,97.6667
97.0532,724.189,222.661
96.5255,725.298,347.655
94.221,848.029,96.5437
93.6934,849.139,221.538
93.1657,850.248,346.532
225.894,601.494,99.2874
225.367,602.603,224.281
224.839,603.713,349.275
222.535,726.444,98.1644
222.007,727.553,223.158
221.479,728.662,348.152
219.175,851.394,97.0414
218.647,852.503,222.035
218.119,853.612,347.029
350.848,604.859,99.785
350.32,605.968,224.779
349.793,607.077,349.773
347.488,729.808,98.662
346.961,730.918,223.656
346.433,732.027,348.65
344.128,854.758,97.539
343.601,855.867,222.533
343.073,856.977,347.527
99.0112,598.855,226.256
98.4413,599.62,351.252
97.8714,600.386,476.248
101.696,723.824,225.503
101.126,724.589,350.499
100.556,725.355,475.495
104.38,848.793,224.749
103.81,849.558,349.746
103.24,850.324,474.742
223.981,596.174,226.842
223.411,596.939,351.838
222.841,597.705,476.835
226.665,721.143,226.089
226.096,721.908,351.085
225.526,722.674,476.081
229.35,846.112,225.336
228.78,846.877,350.332
228.21,847.643,475.328
348.951,593.493,227.428
348.381,594.259,352.424
347.811,595.024,477.421
351.635,718.462,226.675
351.065,719.228,351.671
350.496,719.993,476.668
354.32,843.431,225.922
353.75,844.196,350.918
353.18,844.962,475.914
98.9627,601.295,348.653
100.941,601.188,473.637
102.92,601.08,598.621
98.0168,726.292,348.775
99.9954,726.184,473.76
101.974,726.076,598.744
97.0708,851.288,348.898
99.0495,851.18,473.882
101.028,851.073,598.866
223.943,602.243,346.675
225.922,602.135,471.659
227.901,602.028,596.644
222.998,727.239,346.798
224.976,727.132,471.782
226.955,727.024,596.766
222.052,852.236,346.92
224.03,852.128,471.904
226.009,852.021,596.889
348.924,603.191,344.697
350.903,603.083,469.681
352.882,602.976,594.666
347.978,728.187,344.82
349.957,728.079,469.804
351.936,727.972,594.788
347.032,853.183,344.942
349.011,853.076,469.927
350.99,852.968,594.911
98.5314,601.966,475.009
99.5118,598.944,599.968
100.492,595.923,724.928
100.262,726.918,478.017
101.243,723.896,602.976
102.223,720.875,727.936
101.994,851.87,481.025
102.974,848.848,605.984
103.954,845.826,730.944
223.516,600.259,473.987
224.496,597.237,598.947
225.476,594.216,723.906
225.247,725.211,476.995
226.227,722.189,601.954
227.208,719.168,726.914
226.978,850.163,480.003
227.958,847.141,604.962
228.939,844.119,729.922
348.5,598.552,472.965
349.48,595.531,597.925
350.461,592.509,722.884
350.231,723.504,475.973
351.211,720.482,600.933
352.192,717.461,725.892
351.962,848.456,478.981
352.942,845.434,603.94
353.923,842.412,728.9
98.3247,600.427,598.393
102.03,601.618,723.332
105.734,602.809,848.271
98.5024,725.421,597.196
102.207,726.612,722.135
105.912,727.804,847.075
98.68,850.416,595.999
102.385,851.607,720.938
106.09,852.798,845.878
223.27,600.214,594.69
226.974,601.405,719.629
230.679,602.596,844.569
223.447,725.208,593.493
227.152,726.399,718.432
230.857,727.591,843.372
223.625,850.203,592.296
227.33,851.394,717.235
231.034,852.585,842.175
348.215,600.001,590.987
351.919,601.192,715.926
355.624,602.383,840.866
348.392,724.995,589.79
352.097,726.186,714.729
355.802,727.378,839.669
348.57,849.99,588.593
352.275,851.181,713.532
355.979,852.372,838.472
226.715,101.38,99.5092
228.286,104.399,224.463
229.858,107.418,349.417
224.987,226.332,96.5117
226.558,229.351,221.465
228.13,232.37,346.419
223.259,351.284,93.5142
224.83,354.303,218.468
226.402,357.322,343.421
351.693,103.069,97.8965
353.265,106.089,222.85
354.836,109.108,347.804
349.965,228.022,94.899
351.536,231.041,219.853
353.108,234.06,344.806
348.237,352.974,91.9015
349.808,355.993,216.855
351.38,359.012,341.809
476.671,104.759,96.2838
478.243,107.779,221.237
479.814,110.798,346.191
474.943,229.711,93.2863
476.515,232.731,218.24
478.086,235.75,343.194
473.215,354.663,90.2887
474.787,357.683,215.242
476.358,360.702,340.196
224.966,99.9581,223.779
227.305,98.8015,348.752
229.643,97.645,473.725
221.639,224.908,224.998
223.978,223.751,349.971
226.317,222.595,474.943
218.313,349.858,226.216
220.651,348.701,351.189
222.99,347.545,476.162
349.9,103.307,221.472
352.238,102.15,346.445
354.577,100.994,471.418
346.573,228.257,222.691
348.912,227.1,347.664
351.251,225.943,472.636
343.247,353.206,223.909
345.585,352.05,348.882
347.924,350.893,473.855
474.834,106.655,219.165
477.172,105.499,344.138
479.511,104.342,469.111
471.507,231.605,220.384
473.846,230.449,345.357
476.184,229.292,470.329
468.18,356.555,221.602
470.519,355.398,346.575
472.858,354.242,471.548
224.481,101.636,348.637
222.235,102.094,473.616
219.989,102.553,598.595
228.092,226.583,348.243
225.846,227.041,473.222
223.6,227.5,598.201
231.703,351.53,347.85
229.457,351.989,472.829
227.211,352.447,597.808
349.409,98.0327,350.895
347.163,98.4912,475.874
344.917,98.9497,600.853
353.02,222.98,350.502
350.774,223.438,475.481
348.528,223.897,600.46
356.63,347.927,350.108
354.384,348.386,475.087
352.138,348.844,600.066
474.337,94.4297,353.154
472.091,94.8882,478.133
469.844,95.3467,603.112
477.947,219.377,352.76
475.701,219.835,477.739
473.455,220.294,602.718
481.558,344.324,352.367
479.312,344.783,477.346
477.066,345.241,602.325
223.119,98.5609,476.543
225.783,95.6396,601.48
228.448,92.7183,726.418
220.956,223.507,479.51
223.62,220.586,604.448
226.285,217.664,729.385
218.793,348.453,482.478
221.457,345.532,607.416
224.122,342.61,732.353
348.072,100.786,473.93
350.736,97.8649,598.867
353.401,94.9436,723.805
345.909,225.732,476.898
348.573,222.811,601.835
351.238,219.89,726.772
343.745,350.678,479.865
346.41,347.757,604.803
349.075,344.836,729.74
473.025,103.012,471.317
475.689,100.09,596.254
478.354,97.1689,721.192
470.861,227.958,474.285
473.526,225.036,599.222
476.191,222.115,724.16
468.698,352.904,477.252
471.363,349.982,602.19
474.027,347.061,727.127
226.304,98.7676,599.762
223.018,100.705,724.704
219.732,102.643,849.645
230.04,223.698,597.923
226.754,225.636,722.864
223.468,227.573,847.806
233.776,348.629,596.084
230.49,350.566,721.025
227.204,352.504,845.967
351.205,95.0817,603.104
347.919,97.0192,728.045
344.633,98.9567,852.987
354.941,220.012,601.265
351.655,221.95,726.206
348.369,223.887,851.148
358.677,344.943,599.425
355.391,346.88,724.367
352.105,348.818,849.309
476.106,91.3958,606.446
472.82,93.3333,731.387
469.534,95.2708,856.329
479.842,216.326,604.606
476.556,218.264,729.548
473.27,220.201,854.49
483.578,341.257,602.767
480.292,343.195,727.709
477.006,345.132,852.651
223.426,224.131,98.33
227.045,221.577,223.252
230.663,219.024,348.173
223.523,349.105,100.882
227.141,346.551,225.804
230.759,343.998,350.725
223.619,474.079,103.434
227.238,471.525,228.356
230.856,468.971,353.277
348.374,224.109,94.7105
351.992,221.555,219.632
355.611,219.001,344.554
348.47,349.083,97.2626
352.089,346.529,222.184
355.707,343.975,347.106
348.567,474.056,99.8146
352.185,471.503,224.736
355.803,468.949,349.658
473.322,224.086,91.091
476.94,221.532,216.013
480.558,218.979,340.934
473.418,349.06,93.6431
477.036,346.506,218.565
480.655,343.953,343.486
473.514,474.034,96.1951
477.133,471.48,221.117
480.751,468.926,346.038
224.269,225.838,224.998
221.704,222.683,349.931
219.138,219.528,474.865
225.063,350.795,228.17
222.498,347.64,353.103
219.932,344.485,478.037
225.857,475.752,231.341
223.292,472.597,356.275
220.727,469.442,481.209
349.24,224.979,227.542
346.675,221.824,352.476
344.109,218.669,477.41
350.034,349.936,230.714
347.469,346.781,355.648
344.904,343.626,480.582
350.828,474.893,233.886
348.263,471.738,358.82
345.698,468.583,483.754
474.211,224.12,230.087
471.646,220.965,355.02
469.08,217.81,479.954
475.005,349.077,233.258
472.44,345.922,358.192
469.875,342.767,483.126
475.8,474.034,236.43
473.234,470.879,361.364
470.669,467.724,486.298
224.783,225.641,351.194
224.494,222.105,476.143
224.205,218.569,601.093
222.685,350.573,354.724
222.396,347.038,479.674
222.107,343.502,604.623
220.587,475.506,358.254
220.298,471.97,483.204
220.009,468.435,608.154
349.765,227.73,351.542
349.476,224.194,476.492
349.187,220.658,601.441
347.667,352.662,355.072
347.378,349.127,480.022
347.089,345.591,604.972
345.569,477.595,358.603
345.28,474.059,483.552
344.991,470.523,608.502
474.747,229.819,351.89
474.458,226.283,476.84
474.169,222.747,601.79
472.649,354.751,355.421
472.36,351.215,480.37
472.071,347.68,605.32
470.551,479.684,358.951
470.262,476.148,483.901
469.973,472.612,608.85
224.057,223.848,476.927
222.914,222.744,601.917
221.77,221.64,726.907
221.203,348.811,478.004
220.059,347.707,602.994
218.915,346.603,727.984
218.348,473.774,479.082
217.204,472.67,604.072
216.06,471.566,729.062
349.02,226.693,478.095
347.876,225.589,603.085
346.732,224.485,728.075
346.165,351.656,479.173
345.021,350.552,604.163
343.877,349.448,729.153
343.31,476.618,480.251
342.166,475.514,605.241
341.023,474.411,730.23
473.982,229.537,479.264
472.838,228.434,604.254
471.694,227.33,729.244
471.127,354.5,480.342
469.983,353.396,605.332
468.839,352.292,730.322
468.272,479.463,481.419
467.129,478.359,606.409
465.985,477.255,731.399
224.668,226.428,599.324
223.046,225.497,724.31
221.424,224.566,849.296
221.334,351.38,600.211
219.712,350.45,725.197
218.089,349.519,850.183
218,476.333,601.098
216.378,475.402,726.084
214.755,474.471,851.07
349.613,229.75,600.97
347.991,228.819,725.956
346.369,227.889,850.942
346.279,354.703,601.857
344.657,353.772,726.843
343.034,352.841,851.829
342.945,479.655,602.745
341.323,478.724,727.731
339.7,477.793,852.717
474.558,233.072,602.617
472.936,232.142,727.603
471.314,231.211,852.589
471.224,358.025,603.504
469.602,357.094,728.49
467.979,356.163,853.476
467.89,482.977,604.391
466.268,482.046,729.377
464.645,481.116,854.363
225.851,351.879,98.7902
222.263,349.877,223.723
218.675,347.875,348.655
229.46,476.809,100.896
225.873,474.807,225.829
222.285,472.805,350.761
233.07,601.739,103.002
229.482,599.737,227.935
225.895,597.735,352.867
350.747,348.211,102.318
347.159,346.209,227.251
343.572,344.206,352.183
354.357,473.141,104.424
350.769,471.139,229.356
347.181,469.136,354.289
357.966,598.071,106.53
354.379,596.069,231.462
350.791,594.067,356.395
475.643,344.543,105.846
472.056,342.54,230.778
468.468,340.538,355.711
479.253,469.473,107.952
475.665,467.471,232.884
472.078,465.468,357.817
482.863,594.403,110.058
479.275,592.401,234.99
475.688,590.398,359.923
223.82,349.996,226.067
222.091,348.007,351.04
220.362,346.018,476.012
227.01,474.938,228.1
225.281,472.949,353.072
223.553,470.96,478.045
230.201,599.881,230.133
228.472,597.892,355.105
226.743,595.903,480.077
348.767,346.778,227.744
347.038,344.789,352.717
345.31,342.8,477.689
351.957,471.721,229.777
350.229,469.731,354.749
348.5,467.742,479.722
355.148,596.663,231.81
353.419,594.674,356.782
351.691,592.685,481.754
473.714,343.56,229.422
471.986,341.571,354.394
470.257,339.582,479.366
476.905,468.503,231.454
475.176,466.514,356.426
473.448,464.525,481.399
480.095,593.445,233.487
478.367,591.456,358.459
476.638,589.467,483.431
226.265,349.111,350.902
227.298,350.305,475.892
228.331,351.5,600.882
227.913,474.094,349.694
228.946,475.288,474.684
229.979,476.483,599.674
229.562,599.077,348.486
230.595,600.272,473.476
231.628,601.466,598.466
351.25,347.452,349.885
352.283,348.647,474.875
353.316,349.841,599.865
352.898,472.435,348.677
353.931,473.63,473.667
354.964,474.824,598.657
354.547,597.419,347.469
355.58,598.613,472.459
356.613,599.808,597.449
476.234,345.794,348.867
477.267,346.988,473.857
478.3,348.182,598.847
477.883,470.777,347.659
478.916,471.971,472.649
479.949,473.166,597.64
479.532,595.76,346.451
480.565,596.955,471.442
481.598,598.149,596.432
224.903,348.941,475.54
221.678,348.531,600.498
218.453,348.122,725.455
224.675,473.94,475.944
221.45,473.531,600.901
218.225,473.121,725.859
224.448,598.939,476.347
221.223,598.53,601.305
217.998,598.12,726.263
349.861,349.158,478.766
346.636,348.748,603.723
343.411,348.339,728.681
349.633,474.157,479.169
346.408,473.747,604.127
343.183,473.338,729.085
349.406,599.156,479.573
346.181,598.747,604.53
342.956,598.337,729.488
474.819,349.375,481.991
471.594,348.965,606.949
468.369,348.556,731.907
474.592,474.374,482.395
471.367,473.964,607.353
468.142,473.555,732.31
474.364,599.373,482.798
471.139,598.963,607.756
467.914,598.554,732.714
224.578,348.247,599.318
227.374,349.957,724.275
230.171,351.666,849.232
228.304,473.179,597.526
231.101,474.888,722.483
233.898,476.598,847.44
232.03,598.111,595.734
234.827,599.82,720.691
237.624,601.529,845.648
349.491,344.482,596.574
352.288,346.192,721.531
355.084,347.901,846.488
353.217,469.414,594.782
356.014,471.123,719.739
358.811,472.833,844.696
356.943,594.346,592.989
359.74,596.055,717.946
362.537,597.764,842.903
474.404,340.717,593.83
477.201,342.427,718.787
479.998,344.136,843.744
478.13,465.649,592.037
480.927,467.358,716.994
483.724,469.067,841.951
481.857,590.58,590.245
484.653,592.29,715.202
487.45,593.999,840.159
224.028,475.308,99.1744
226.356,478.311,224.117
228.684,481.314,349.059
223.345,600.271,96.1838
225.673,603.274,221.126
228.001,606.277,346.068
222.661,725.233,93.1932
224.99,728.236,218.135
227.318,731.239,343.078
349.004,475.936,96.8306
351.332,478.938,221.773
353.661,481.941,346.715
348.321,600.898,93.84
350.649,603.901,218.782
352.977,606.904,343.724
347.638,725.86,90.8494
349.966,728.863,215.792
352.294,731.866,340.734
473.981,476.563,94.4868
476.309,479.566,219.429
478.637,482.569,344.371
473.298,601.525,91.4962
475.626,604.528,216.438
477.954,607.531,341.381
472.614,726.487,88.5055
474.942,729.49,213.448
477.271,732.493,338.39
225.079,476.473,225.077
222.445,476.892,350.049
219.811,477.312,475.02
221.725,601.427,224.588
219.092,601.846,349.559
216.458,602.266,474.531
218.372,726.381,224.098
215.738,726.8,349.069
213.104,727.22,474.041
350.006,479.836,227.699
347.372,480.255,352.671
344.738,480.674,477.642
346.653,604.79,227.209
344.019,605.209,352.181
341.385,605.628,477.152
343.299,729.744,226.72
340.666,730.163,351.691
338.032,730.582,476.663
474.933,483.199,230.321
472.299,483.618,355.292
469.665,484.037,480.264
471.58,608.153,229.831
468.946,608.572,354.802
466.312,608.991,479.774
468.227,733.107,229.341
465.593,733.526,354.313
462.959,733.945,479.284
223.503,474.239,348.832
220.53,477.767,473.747
217.558,481.296,598.662
221.659,599.174,345.259
218.686,602.703,470.174
215.714,606.231,595.089
219.815,724.109,341.687
216.842,727.638,466.601
213.87,731.166,591.516
348.454,476.166,351.751
345.481,479.695,476.666
342.509,483.223,601.581
346.61,601.102,348.178
343.637,604.63,473.093
340.665,608.159,598.008
344.766,726.037,344.605
341.793,729.566,469.52
338.821,733.094,594.435
473.405,478.094,354.67
470.432,481.623,479.584
467.46,485.151,604.499
471.561,603.03,351.097
468.588,606.558,476.012
465.616,610.086,600.926
469.717,727.965,347.524
466.744,731.493,472.439
463.772,735.022,597.354
223.491,473.345,475.07
221.13,476.979,599.995
218.769,480.613,724.92
224.214,598.29,471.449
221.853,601.924,596.374
219.492,605.559,721.299
224.937,723.235,467.828
222.576,726.87,592.752
220.215,730.504,717.677
348.467,472.69,477.451
346.106,476.325,602.376
343.745,479.959,727.301
349.19,597.636,473.83
346.829,601.27,598.755
344.468,604.905,723.679
349.912,722.581,470.208
347.552,726.216,595.133
345.191,729.85,720.058
473.442,472.036,479.832
471.081,475.671,604.757
468.721,479.305,729.681
474.165,596.982,476.21
471.804,600.616,601.135
469.443,604.25,726.06
474.888,721.927,472.589
472.527,725.562,597.514
470.166,729.196,722.439
226.223,475.256,599.648
222.712,476.513,724.592
219.202,477.769,849.536
228.539,600.229,598.456
225.029,601.485,723.401
221.518,602.742,848.345
230.856,725.202,597.265
227.345,726.458,722.209
223.835,727.715,847.153
351.152,472.974,603.181
347.642,474.231,728.125
344.131,475.487,853.069
353.468,597.947,601.989
349.958,599.204,726.934
346.447,600.46,851.878
355.785,722.92,600.798
352.274,724.176,725.742
348.764,725.433,850.686
476.081,470.692,606.714
472.571,471.949,731.658
469.06,473.205,856.603
478.398,595.665,605.522
474.887,596.922,730.467
471.377,598.178,855.411
480.714,720.638,604.331
477.203,721.895,729.275
473.693,723.151,854.219
225.125,598.649,99.0522
226.044,597.99,224.047
226.964,597.331,349.042
226.4,723.64,99.7017
227.319,722.982,224.697
228.238,722.323,349.691
227.674,848.632,100.351
228.594,847.973,225.346
229.513,847.315,350.341
350.115,597.379,98.1263
351.035,596.72,223.121
351.954,596.061,348.116
351.39,722.371,98.7757
352.309,721.712,223.771
353.228,721.053,348.766
352.665,847.362,99.4252
353.584,846.704,224.42
354.503,846.045,349.415
475.105,596.109,97.2003
476.025,595.45,222.195
476.944,594.791,347.19
476.38,721.101,97.8498
477.299,720.442,222.845
478.219,719.783,347.84
477.655,846.093,98.4993
478.574,845.434,223.494
479.493,844.775,348.489
223.537,599.588,223.972
226.739,601.462,348.916
229.94,603.337,473.861
223.491,724.573,222.097
226.692,726.448,347.042
229.894,728.323,471.987
223.444,849.559,220.223
226.645,851.434,345.168
229.847,853.309,470.113
348.496,599.586,220.77
351.698,601.461,345.715
354.899,603.336,470.659
348.45,724.572,218.895
351.651,726.447,343.84
354.853,728.322,468.785
348.403,849.558,217.021
351.604,851.433,341.966
354.806,853.308,466.911
473.455,599.585,217.568
476.657,601.46,342.513
479.858,603.335,467.458
473.409,724.571,215.693
476.61,726.446,340.638
479.812,728.321,465.583
473.362,849.557,213.819
476.563,851.432,338.764
479.765,853.307,463.709
225.124,599.651,350.034
224.727,598.025,475.022
224.33,596.399,600.011
223.583,724.631,351.655
223.187,723.005,476.644
222.79,721.379,601.632
222.043,849.611,353.276
221.646,847.985,478.265
221.25,846.359,603.254
350.113,601.186,350.45
349.717,599.56,475.439
349.32,597.934,600.428
348.573,726.166,352.071
348.176,724.54,477.06
347.78,722.914,602.049
347.033,851.146,353.693
346.636,849.52,478.682
346.24,847.894,603.67
475.103,602.721,350.867
474.707,601.095,475.856
474.31,599.469,600.844
473.563,727.701,352.488
473.166,726.075,477.477
472.77,724.449,602.466
472.023,852.681,354.109
471.626,851.055,479.098
471.229,849.429,604.087
223.352,601.913,476.006
226.289,602.735,600.969
229.227,603.557,725.932
223.941,726.909,475.17
226.878,727.731,600.133
229.815,728.553,725.095
224.529,851.904,474.334
227.466,852.727,599.297
230.404,853.549,724.259
348.316,601.305,473.073
351.254,602.127,598.036
354.191,602.949,722.998
348.905,726.301,472.237
351.842,727.123,597.199
354.779,727.945,722.162
349.493,851.296,471.4
352.43,852.119,596.363
355.368,852.941,721.326
473.28,600.697,470.139
476.218,601.519,595.102
479.155,602.341,720.065
473.869,725.693,469.303
476.806,726.515,594.266
479.743,727.337,719.229
474.457,850.689,468.467
477.395,851.511,593.43
480.332,852.333,718.393
225.343,599.363,601.485
223.647,596.65,726.444
221.951,593.937,851.403
226.941,724.322,604.219
225.245,721.61,729.178
223.549,718.897,854.137
228.539,849.282,606.953
226.843,846.57,731.912
225.147,843.857,856.871
350.321,597.728,603.146
348.625,595.015,728.105
346.929,592.303,853.064
351.919,722.688,605.88
350.223,719.975,730.839
348.527,717.262,855.798
353.518,847.648,608.614
351.821,844.935,733.573
350.125,842.222,858.532
475.299,596.093,604.806
473.603,593.38,729.766
471.907,590.668,854.725
476.898,721.053,607.541
475.202,718.34,732.5
473.505,715.628,857.459
478.496,846.013,610.275
476.8,843.3,735.234
475.104,840.588,860.193
351.869,101.338,101.988
349.374,100.265,226.958
346.878,99.1918,351.929
350.74,226.329,103.039
348.244,225.256,228.009
345.749,224.182,352.98
349.61,351.319,104.09
347.115,350.246,229.06
344.62,349.173,354.031
476.839,102.446,104.493
474.344,101.373,229.463
471.848,100.3,354.434
475.71,227.437,105.544
473.214,226.364,230.514
470.719,225.29,355.485
474.58,352.427,106.595
472.085,351.354,231.565
469.59,350.281,356.536
601.809,103.554,106.998
599.314,102.481,231.968
596.818,101.408,356.939
600.68,228.545,108.048
598.184,227.472,233.019
595.689,226.398,357.989
599.55,353.535,109.099
597.055,352.462,234.07
594.56,351.389,359.04
351.915,101.673,226.244
353.414,102.041,351.235
354.913,102.41,476.225
352.105,226.672,225.874
353.604,227.041,350.864
355.103,227.409,475.855
352.295,351.671,225.503
353.794,352.04,350.493
355.292,352.408,475.484
476.906,101.479,224.746
478.405,101.847,349.736
479.904,102.216,474.727
477.096,226.478,224.375
478.595,226.846,349.366
480.094,227.215,474.356
477.286,351.477,224.005
478.784,351.846,348.995
480.283,352.214,473.985
601.897,101.285,223.248
603.396,101.653,348.238
604.895,102.022,473.229
602.087,226.284,222.877
603.586,226.652,347.867
605.085,227.021,472.858
602.276,351.283,222.506
603.775,351.652,347.497
605.274,352.02,472.487
348.358,101.364,350.714
347.167,100.34,475.704
345.976,99.3169,600.694
349.276,226.356,351.746
348.085,225.333,476.736
346.894,224.309,601.726
350.194,351.349,352.778
349.003,350.325,477.769
347.812,349.302,602.759
473.349,100.436,351.897
472.158,99.4125,476.888
470.967,98.389,601.878
474.267,225.428,352.93
473.076,224.405,477.92
471.885,223.381,602.91
475.185,350.421,353.962
473.994,349.397,478.952
472.803,348.374,603.942
598.34,99.5082,353.081
597.149,98.4846,478.071
595.958,97.4611,603.061
599.258,224.501,354.113
598.067,223.477,479.103
596.876,222.453,604.094
600.176,349.493,355.146
598.985,348.469,480.136
597.794,347.446,605.126
349.422,100.626,475.199
350.248,98.3956,600.177
351.075,96.165,725.154
348.817,225.605,477.434
349.644,223.374,602.411
350.47,221.144,727.389
348.213,350.583,479.669
349.039,348.353,604.646
349.865,346.122,729.623
474.418,101.245,474.384
475.244,99.0148,599.361
476.07,96.7842,724.339
473.813,226.224,476.619
474.639,223.993,601.596
475.466,221.763,726.573
473.208,351.203,478.853
474.035,348.972,603.831
474.861,346.741,728.808
599.413,101.865,473.569
600.24,99.6341,598.546
601.066,97.4035,723.523
598.809,226.843,475.803
599.635,224.613,600.78
600.462,222.382,725.758
598.204,351.822,478.038
599.031,349.591,603.015
599.857,347.361,727.992
348.321,101.43,599.818
349.537,99.1172,724.791
350.753,96.8042,849.764
349.758,226.401,602.117
350.974,224.088,727.09
352.189,221.775,852.063
351.195,351.371,604.416
352.411,349.058,729.389
353.626,346.745,854.362
473.307,100.016,598.576
474.523,97.7031,723.549
475.738,95.3901,848.522
474.744,224.987,600.875
475.96,222.674,725.848
477.175,220.361,850.821
476.181,349.957,603.174
477.396,347.644,728.147
478.612,345.331,853.12
598.293,98.6019,597.334
599.509,96.2889,722.307
600.724,93.976,847.28
599.73,223.572,599.633
600.945,221.26,724.606
602.161,218.947,849.579
601.166,348.543,601.932
602.382,346.23,726.905
603.598,343.917,851.878
350.417,224.091,100.202
347.623,224.853,225.168
344.829,225.614,350.134
353.91,349.041,99.5184
351.116,349.802,224.485
348.322,350.563,349.451
357.403,473.99,98.8353
354.609,474.751,223.802
351.816,475.513,348.768
475.337,220.614,103.016
472.543,221.375,227.982
469.749,222.137,352.948
478.83,345.563,102.332
476.036,346.325,227.299
473.242,347.086,352.265
482.323,470.513,101.649
479.529,471.274,226.616
476.736,472.035,351.582
600.257,217.137,105.83
597.463,217.898,230.796
594.669,218.66,355.762
603.75,342.086,105.146
600.956,342.848,230.113
598.162,343.609,355.079
607.243,467.036,104.463
604.449,467.797,229.43
601.655,468.558,354.396
350.575,226.063,226.613
349.449,223.522,351.582
348.323,220.982,476.551
349.431,351.032,229.143
348.305,348.491,354.112
347.179,345.951,479.081
348.286,476.001,231.673
347.16,473.46,356.642
346.035,470.92,481.611
475.565,227.184,227.761
474.439,224.643,352.731
473.313,222.103,477.7
474.42,352.153,230.292
473.294,349.613,355.261
472.169,347.072,480.23
473.276,477.122,232.822
472.15,474.582,357.791
471.024,472.041,482.76
600.554,228.305,228.91
599.429,225.765,353.879
598.303,223.224,478.848
599.41,353.275,231.44
598.284,350.734,356.409
597.158,348.194,481.379
598.265,478.244,233.971
597.14,475.703,358.94
596.014,473.163,483.909
349.644,225.083,351.574
346.65,222.91,476.52
343.655,220.738,601.465
350.727,350.059,353.773
347.733,347.886,478.718
344.738,345.714,603.664
351.811,475.035,355.972
348.816,472.862,480.917
345.822,470.69,605.863
474.604,223.947,354.549
471.609,221.775,479.495
468.615,219.602,604.44
475.687,348.923,356.748
472.692,346.751,481.694
469.698,344.578,606.639
476.77,473.899,358.947
473.776,471.727,483.892
470.781,469.554,608.838
599.563,222.812,357.525
596.569,220.639,482.47
593.574,218.467,607.415
600.646,347.788,359.723
597.652,345.615,484.669
594.657,343.443,609.614
601.729,472.764,361.922
598.735,470.591,486.867
595.741,468.419,611.813
349.451,223.359,476.108
346.156,226.414,601.028
342.862,229.47,725.947
350.159,348.32,473.071
346.864,351.375,597.99
343.57,354.431,722.909
350.867,473.281,470.033
347.573,476.337,594.952
344.278,479.392,719.871
474.405,222.731,479.419
471.111,225.787,604.338
467.816,228.842,729.258
475.113,347.692,476.382
471.819,350.748,601.301
468.524,353.803,726.22
475.822,472.653,473.344
472.527,475.709,598.263
469.233,478.764,723.182
599.36,222.104,482.73
596.065,225.159,607.649
592.771,228.214,732.568
600.068,347.065,479.692
596.774,350.12,604.612
593.479,353.175,729.531
600.776,472.026,476.655
597.482,475.081,601.574
594.187,478.136,726.493
350.261,224.925,599.275
353.434,221.498,724.187
356.608,218.07,849.1
353.696,349.834,602.615
356.87,346.406,727.528
360.043,342.978,852.44
357.132,474.742,605.955
360.305,471.314,730.868
363.478,467.886,855.781
475.174,221.577,596.01
478.347,218.15,720.922
481.52,214.722,845.835
478.609,346.485,599.35
481.782,343.058,724.263
484.955,339.63,849.175
482.044,471.394,602.69
485.218,467.966,727.603
488.391,464.538,852.516
600.086,218.229,592.744
603.259,214.801,717.657
606.433,211.374,842.57
603.521,343.137,596.085
606.695,339.71,720.997
609.868,336.282,845.91
606.957,468.045,599.425
610.13,464.618,724.338
613.303,461.19,849.25
348.797,348.156,100.102
349.196,350.301,225.083
349.595,352.447,350.064
351.582,473.106,97.9487
351.981,475.252,222.93
352.38,477.397,347.911
354.367,598.057,95.7949
354.765,600.202,220.776
355.164,602.347,345.757
473.766,345.365,99.7514
474.165,347.51,224.732
474.564,349.655,349.713
476.55,470.315,97.5977
476.949,472.461,222.579
477.348,474.606,347.56
479.335,595.266,95.444
479.734,597.411,220.425
480.133,599.556,345.406
598.734,342.574,99.4004
599.133,344.719,224.381
599.532,346.864,349.362
601.519,467.524,97.2467
601.918,469.669,222.228
602.316,471.815,347.209
604.303,592.475,95.093
604.702,594.62,220.074
605.101,596.765,345.055
350.627,350.212,224.255
347.39,351.119,349.21
344.152,352.025,474.164
352.421,475.196,223.395
349.184,476.103,348.349
345.946,477.009,473.304
354.215,600.18,222.534
350.978,601.087,347.489
347.74,601.994,472.444
475.573,348.441,227.505
472.335,349.348,352.46
469.097,350.254,477.415
477.367,473.425,226.645
474.129,474.332,351.6
470.891,475.238,476.554
479.16,598.409,225.785
475.923,599.316,350.739
472.685,600.223,475.694
600.518,346.67,230.755
597.28,347.577,355.71
594.042,348.483,480.665
602.312,471.654,229.895
599.074,472.561,354.85
595.836,473.467,479.805
604.106,596.638,229.035
600.868,597.545,353.99
597.63,598.451,478.944
349.699,348.795,348.742
348.445,352.151,473.691
347.191,355.506,598.64
349.902,473.75,345.388
348.648,477.105,470.337
347.393,480.461,595.286
350.105,598.705,342.035
348.85,602.06,466.983
347.596,605.416,591.932
474.693,348.626,350.002
473.439,351.982,474.95
472.184,355.337,599.899
474.896,473.581,346.648
473.641,476.937,471.596
472.387,480.292,596.545
475.098,598.536,343.294
473.844,601.891,468.243
472.59,605.247,593.191
599.686,348.457,351.261
598.432,351.813,476.21
597.178,355.168,601.158
599.889,473.412,347.907
598.635,476.768,472.856
597.38,480.123,597.804
600.092,598.367,344.553
598.837,601.722,469.502
597.583,605.078,594.451
350.516,348.463,474.93
353.647,351.223,599.86
356.777,353.983,724.791
349.745,473.431,472.189
352.875,476.191,597.119
356.006,478.951,722.049
348.974,598.398,469.447
352.104,601.158,594.377
355.234,603.918,719.308
475.475,349.165,471.783
478.605,351.925,596.714
481.735,354.685,721.644
474.703,474.133,469.042
477.834,476.893,593.972
480.964,479.653,718.903
473.932,599.101,466.3
477.062,601.861,591.231
480.193,604.621,716.161
600.433,349.868,468.637
603.563,352.628,593.567
606.694,355.388,718.498
599.662,474.835,465.895
602.792,477.595,590.826
605.923,480.355,715.756
598.89,599.803,463.154
602.021,602.563,588.084
605.151,605.323,713.014
349.577,348.534,600.462
352.795,349.53,725.417
356.013,350.527,850.371
352.466,473.496,599.391
355.684,474.492,724.346
358.902,475.489,849.3
355.355,598.458,598.32
358.573,599.454,723.275
361.791,600.451,848.229
474.503,345.618,597.268
477.721,346.615,722.223
480.938,347.611,847.177
477.391,470.58,596.197
480.609,471.577,721.152
483.827,472.573,846.106
480.28,595.542,595.126
483.498,596.539,720.081
486.716,597.535,845.035
599.428,342.703,594.074
602.646,343.7,719.029
605.864,344.696,843.984
602.317,467.665,593.003
605.534,468.662,717.958
608.752,469.658,842.913
605.205,592.627,591.932
608.423,593.624,716.887
611.641,594.62,841.841
351.489,474.552,99.7483
351.116,474.514,224.748
350.744,474.475,349.747
350.882,599.551,99.785
350.509,599.512,224.784
350.136,599.474,349.784
350.274,724.549,99.8216
349.902,724.511,224.821
349.529,724.473,349.82
476.487,475.16,100.121
476.114,475.121,225.121
475.742,475.083,350.12
475.88,600.158,100.158
475.507,600.12,225.157
475.134,600.081,350.157
475.272,725.157,100.194
474.9,725.118,225.194
474.527,725.08,350.193
601.485,475.767,100.494
601.112,475.728,225.493
600.74,475.69,350.493
600.878,600.765,100.531
600.505,600.727,225.53
600.132,600.688,350.53
600.27,725.764,100.567
599.898,725.725,225.567
599.525,725.687,350.566
350.339,473.243,226.471
348.875,476.319,351.424
347.411,479.395,476.378
351.028,598.203,223.402
349.564,601.28,348.356
348.1,604.356,473.309
351.717,723.164,220.334
350.253,726.24,345.287
348.789,729.316,470.241
475.329,472.59,227.951
473.865,475.667,352.905
472.401,478.743,477.858
476.018,597.551,224.883
474.554,600.627,349.836
473.09,603.703,474.79
476.706,722.511,221.814
475.242,725.588,346.768
473.778,728.664,471.722
600.319,471.938,229.432
598.854,475.014,354.385
597.39,478.09,479.339
601.007,596.898,226.363
599.543,599.975,351.317
598.079,603.051,476.27
601.696,721.859,223.295
600.232,724.935,348.248
598.768,728.011,473.202
348.392,473.798,350.235
349.607,471.335,475.205
350.823,468.872,600.175
349.507,598.769,352.688
350.722,596.306,477.657
351.937,593.843,602.627
350.621,723.74,355.14
351.837,721.277,480.11
353.052,718.814,605.08
473.381,472.708,348.998
474.596,470.245,473.968
475.812,467.781,598.938
474.496,597.679,351.451
475.711,595.216,476.42
476.927,592.752,601.39
475.611,722.65,353.903
476.826,720.187,478.873
478.041,717.723,603.843
598.37,471.617,347.761
599.585,469.154,472.731
600.801,466.691,597.701
599.485,596.588,350.213
600.7,594.125,475.183
601.916,591.662,600.153
600.6,721.559,352.666
601.815,719.096,477.636
603.03,716.633,602.605
349.781,474.449,475.389
348.71,472.524,600.369
347.639,470.599,725.35
352.572,599.403,477.337
351.501,597.478,602.318
350.43,595.553,727.298
355.364,724.356,479.285
354.293,722.431,604.266
353.222,720.507,729.247
474.745,471.641,476.416
473.674,469.716,601.397
472.603,467.791,726.377
477.537,596.595,478.365
476.466,594.67,603.345
475.395,592.745,728.326
480.328,721.548,480.313
479.257,719.623,605.294
478.186,717.699,730.274
599.709,468.833,477.444
598.638,466.908,602.425
597.567,464.983,727.405
602.501,593.787,479.392
601.43,591.862,604.373
600.359,589.937,729.353
605.293,718.74,481.341
604.222,716.815,606.321
603.151,714.891,731.302
350.084,474.898,598.794
351.263,473.79,723.784
352.442,472.681,848.773
352.817,599.864,599.877
353.996,598.755,724.867
355.176,597.646,849.856
355.55,724.829,600.96
356.729,723.72,725.95
357.909,722.611,850.939
475.048,472.176,597.591
476.228,471.067,722.58
477.407,469.958,847.57
477.781,597.141,598.674
478.961,596.032,723.663
480.14,594.923,848.653
480.514,722.107,599.757
481.694,720.998,724.746
482.873,719.889,849.736
600.013,469.453,596.388
601.192,468.344,721.377
602.372,467.235,846.367
602.746,594.419,597.47
603.925,593.31,722.46
605.105,592.201,847.449
605.479,719.384,598.553
606.658,718.275,723.543
607.838,717.166,848.532
351.829,598.766,100.636
350.689,597.943,225.628
349.55,597.119,350.62
353.943,723.745,101.479
352.804,722.922,226.471
351.665,722.099,351.463
356.057,848.724,102.321
354.918,847.901,227.313
353.779,847.078,352.305
476.806,596.644,101.761
475.666,595.821,226.753
474.527,594.998,351.745
478.92,721.623,102.604
477.781,720.8,227.596
476.642,719.977,352.588
481.034,846.602,103.446
479.895,845.779,228.438
478.756,844.956,353.43
601.782,594.522,102.886
600.643,593.699,227.878
599.504,592.876,352.87
603.897,719.501,103.729
602.758,718.678,228.721
601.619,717.855,353.713
606.011,844.48,104.571
604.872,843.657,229.563
603.733,842.834,354.555
349.445,599.032,225.098
350.987,596.863,350.07
352.53,594.693,475.041
347.518,723.998,227.292
349.06,721.829,352.263
350.603,719.659,477.235
345.591,848.964,229.485
347.133,846.794,354.457
348.676,844.625,479.428
474.42,600.986,223.589
475.963,598.816,348.561
477.505,596.647,473.533
472.493,725.952,225.783
474.036,723.782,350.754
475.578,721.612,475.726
470.566,850.918,227.976
472.109,848.748,352.948
473.651,846.578,477.919
599.396,602.94,222.081
600.938,600.77,347.052
602.481,598.6,472.024
597.469,727.906,224.274
599.011,725.736,349.246
600.554,723.566,474.217
595.542,852.871,226.467
597.084,850.702,351.439
598.627,848.532,476.411
350.043,598.143,350.214
346.883,595.712,475.151
343.722,593.281,600.087
347.054,723.085,352.57
343.894,720.654,477.506
340.733,718.223,602.443
344.065,848.027,354.925
340.905,845.596,479.862
337.744,843.165,604.798
474.967,601.071,353.431
471.807,598.64,478.368
468.646,596.209,603.304
471.978,726.013,355.787
468.818,723.582,480.723
465.658,721.151,605.66
468.99,850.955,358.142
465.829,848.524,483.079
462.669,846.093,608.015
599.892,603.999,356.649
596.731,601.568,481.585
593.571,599.137,606.521
596.903,728.941,359.004
593.742,726.51,483.94
590.582,724.079,608.877
593.914,853.883,361.36
590.753,851.452,486.296
587.593,849.021,611.232
351.843,599.943,473.884
349.92,603.435,598.821
347.996,606.926,723.757
354.18,724.873,470.429
352.257,728.365,595.365
350.334,731.857,720.302
356.518,849.804,466.973
354.594,853.295,591.91
352.671,856.787,716.846
476.806,597.66,475.872
474.883,601.151,600.808
472.96,604.643,725.745
479.144,722.59,472.416
477.22,726.082,597.353
475.297,729.573,722.289
481.481,847.52,468.961
479.558,851.012,593.897
477.634,854.504,718.834
601.77,595.377,477.859
599.846,598.868,602.796
597.923,602.36,727.732
604.107,720.307,474.404
602.184,723.799,599.34
600.26,727.29,724.277
606.445,845.237,470.948
604.521,848.729,595.885
602.598,852.221,720.821
349.316,600.648,600.472
352.832,604.003,725.377
356.348,607.358,850.283
347.97,725.597,597.154
351.486,728.952,722.059
355.002,732.307,846.965
346.624,850.546,593.835
350.139,853.9,718.741
353.655,857.255,843.646
474.26,601.9,596.921
477.776,605.255,721.827
481.291,608.61,846.732
472.913,726.849,593.603
476.429,730.204,718.508
479.945,733.559,843.414
471.567,851.798,590.285
475.083,855.153,715.19
478.599,858.507,840.096
599.203,603.152,593.37
602.719,606.507,718.276
606.235,609.862,843.181
597.856,728.101,590.052
601.372,731.456,714.958
604.888,734.811,839.863
596.51,853.05,586.734
600.026,856.405,711.64
603.542,859.759,836.545
476.8,100.194,100.937
473.108,96.5553,225.829
469.416,92.9166,350.722
479.04,225.119,104.643
475.348,221.48,229.535
471.656,217.842,354.428
481.28,350.044,108.349
477.588,346.405,233.241
473.896,342.767,358.133
601.725,97.8461,104.561
598.033,94.2075,229.454
594.341,90.5688,354.346
603.965,222.771,108.267
600.273,219.132,233.16
596.581,215.494,358.052
606.206,347.696,111.973
602.514,344.057,236.866
598.822,340.419,361.758
726.651,95.4983,108.186
722.959,91.8596,233.078
719.267,88.221,357.971
728.891,220.423,111.892
725.199,216.785,236.784
721.507,213.146,361.677
731.131,345.348,115.598
727.439,341.71,240.49
723.747,338.071,365.383
474.571,98.4166,224.436
475.001,96.3353,349.418
475.432,94.2539,474.4
472.283,223.378,226.525
472.714,221.297,351.507
473.144,219.215,476.489
469.995,348.34,228.614
470.426,346.258,353.596
470.857,344.177,478.578
599.549,100.711,224.044
599.98,98.6298,349.026
600.41,96.5485,474.008
597.261,225.673,226.133
597.692,223.591,351.115
598.123,221.51,476.096
594.974,350.634,228.222
595.404,348.553,353.203
595.835,346.472,478.185
724.527,103.006,223.651
724.958,100.924,348.633
725.389,98.8431,473.615
722.24,227.967,225.74
722.67,225.886,350.722
723.101,223.805,475.704
719.952,352.929,227.829
720.383,350.848,352.811
720.813,348.766,477.793
476.493,101.88,348.938
473.336,103.171,473.892
470.18,104.462,598.845
476.99,226.873,347.66
473.834,228.163,472.613
470.678,229.454,597.567
477.488,351.865,346.381
474.332,353.156,471.335
471.175,354.447,596.288
601.452,101.415,352.1
598.295,102.706,477.053
595.139,103.996,602.007
601.95,226.407,350.821
598.793,227.698,475.775
595.637,228.989,600.728
602.447,351.4,349.543
599.291,352.691,474.496
596.135,353.981,599.45
726.411,100.949,355.261
723.254,102.24,480.215
720.098,103.531,605.168
726.909,225.942,353.983
723.752,227.233,478.936
720.596,228.523,603.89
727.407,350.934,352.704
724.25,352.225,477.658
721.094,353.516,602.611
473.492,100.897,476.828
472.82,98.9203,601.811
472.148,96.9441,726.793
472.516,225.877,478.799
471.844,223.901,603.782
471.173,221.925,728.764
471.54,350.858,480.77
470.868,348.882,605.753
470.197,346.905,730.735
598.486,101.862,477.515
597.815,99.8855,602.498
597.143,97.9093,727.48
597.51,226.842,479.486
596.839,224.866,604.469
596.167,222.89,729.451
596.535,351.823,481.457
595.863,349.847,606.44
595.191,347.871,731.422
723.481,102.827,478.202
722.809,100.851,603.185
722.137,98.8745,728.168
722.505,227.808,480.173
721.833,225.831,605.156
721.161,223.855,730.139
721.529,352.788,482.144
720.857,350.812,607.127
720.185,348.836,732.109
473.761,101.552,600.791
475.37,100.016,725.771
476.979,98.4798,850.751
475.881,226.525,602.299
477.49,224.989,727.28
479.099,223.453,852.26
478.001,351.498,603.808
479.61,349.962,728.788
481.219,348.426,853.768
598.733,99.4517,599.156
600.342,97.9157,724.136
601.951,96.3798,849.116
600.853,224.425,600.665
602.462,222.889,725.645
604.071,221.353,850.625
602.973,349.397,602.173
604.582,347.862,727.153
606.191,346.326,852.134
723.705,97.3516,597.521
725.314,95.8156,722.502
726.923,94.2797,847.482
725.824,222.325,599.03
727.433,220.789,724.01
729.043,219.253,848.99
727.944,347.297,600.538
729.553,345.761,725.519
731.162,344.226,850.499
474.285,225.195,99.256
472.246,225.472,224.239
470.207,225.749,349.222
476.681,350.172,99.0183
474.642,350.449,224.001
472.603,350.725,348.984
479.078,475.149,98.7806
477.039,475.425,223.764
474.999,475.702,348.747
599.246,222.803,101.3
597.207,223.08,226.283
595.167,223.357,351.266
601.642,347.78,101.062
599.603,348.057,226.045
597.564,348.333,351.028
604.038,472.757,100.825
601.999,473.033,225.808
599.96,473.31,350.791
724.206,220.411,103.344
722.167,220.688,228.327
720.128,220.965,353.31
726.602,345.388,103.106
724.563,345.665,228.089
722.524,345.941,353.072
728.998,470.365,102.869
726.959,470.641,227.852
724.92,470.918,352.835
475.606,226.204,225.934
477.44,225.558,350.919
479.274,224.912,475.904
478.833,351.161,226.532
480.667,350.515,351.517
482.501,349.868,476.502
482.06,476.118,227.131
483.894,475.471,352.116
485.728,474.825,477.101
600.551,222.986,224.084
602.385,222.34,349.068
604.219,221.694,474.053
603.778,347.943,224.682
605.612,347.297,349.667
607.446,346.651,474.652
607.005,472.9,225.281
608.839,472.254,350.266
610.673,471.608,475.251
725.495,219.768,222.233
727.33,219.122,347.218
729.164,218.476,472.203
728.722,344.725,222.832
730.557,344.079,347.817
732.391,343.433,472.802
731.949,469.682,223.431
733.784,469.036,348.415
735.618,468.39,473.4
473.868,224.346,349.736
475.854,227.716,474.675
477.841,231.086,599.614
475.21,349.292,346.344
477.197,352.663,471.283
479.183,356.033,596.222
476.552,474.239,342.952
478.539,477.61,467.891
480.525,480.98,592.83
598.845,222.95,347.787
600.831,226.321,472.725
602.818,229.691,597.664
600.187,347.897,344.395
602.174,351.267,469.333
604.16,354.638,594.272
601.529,472.844,341.003
603.516,476.214,465.941
605.502,479.585,590.88
723.822,221.555,345.837
725.808,224.925,470.776
727.795,228.296,595.715
725.164,346.502,342.445
727.151,349.872,467.384
729.137,353.242,592.323
726.506,471.448,339.053
728.493,474.819,463.992
730.479,478.189,588.931
475.722,225.091,476.098
475.377,222.221,601.065
475.032,219.35,726.031
473.838,350.044,478.963
473.493,347.174,603.93
473.148,344.303,728.896
471.953,474.997,481.828
471.608,472.127,606.795
471.263,469.256,731.761
600.708,226.967,476.486
600.363,224.097,601.453
600.018,221.226,726.419
598.823,351.92,479.351
598.478,349.05,604.318
598.133,346.179,729.284
596.939,476.873,482.216
596.593,474.003,607.183
596.248,471.132,732.149
725.693,228.844,476.874
725.348,225.973,601.841
725.003,223.102,726.807
723.808,353.797,479.739
723.463,350.926,604.706
723.118,348.055,729.672
721.924,478.749,482.604
721.579,475.879,607.571
721.234,473.008,732.537
473.887,225.171,598.553
473.608,223.158,723.536
473.328,221.144,848.52
471.656,350.135,600.561
471.376,348.122,725.545
471.097,346.108,850.528
469.424,475.099,602.569
469.145,473.086,727.553
468.865,471.072,852.536
598.867,227.398,598.868
598.588,225.384,723.852
598.308,223.371,848.835
596.636,352.362,600.876
596.356,350.348,725.86
596.077,348.335,850.843
594.404,477.326,602.885
594.125,475.312,727.868
593.845,473.299,852.852
723.847,229.625,599.184
723.567,227.611,724.167
723.288,225.597,849.15
721.616,354.589,601.192
721.336,352.575,726.175
721.057,350.561,851.159
719.384,479.553,603.2
719.105,477.539,728.184
718.825,475.525,853.167
475.735,350.884,100.687
474.63,352.304,225.674
473.524,353.723,350.661
474.945,475.874,99.2602
473.839,477.293,224.247
472.734,478.713,349.234
474.155,600.863,97.8338
473.049,602.283,222.821
471.944,603.702,347.808
600.728,351.687,101.783
599.622,353.107,226.77
598.517,354.526,351.757
599.938,476.676,100.357
598.832,478.096,225.344
597.727,479.515,350.331
599.147,601.666,98.9302
598.042,603.085,223.917
596.936,604.505,348.904
725.72,352.49,102.88
724.615,353.909,227.867
723.509,355.329,352.854
724.93,477.479,101.453
723.825,478.899,226.44
722.719,480.318,351.427
724.14,602.469,100.027
723.035,603.888,225.014
721.929,605.307,350.001
473.507,350.531,225.045
471.422,350.313,350.027
469.338,350.094,475.01
473.687,475.531,225.266
471.602,475.312,350.249
469.518,475.094,475.231
473.866,600.531,225.488
471.782,600.312,350.47
469.698,600.094,475.453
598.489,350.348,227.129
596.405,350.129,352.111
594.321,349.911,477.093
598.669,475.347,227.35
596.585,475.129,352.332
594.501,474.91,477.315
598.849,600.347,227.571
596.765,600.128,352.554
594.681,599.91,477.536
723.472,350.164,229.212
721.387,349.946,354.195
719.303,349.727,479.177
723.652,475.164,229.434
721.567,474.945,354.416
719.483,474.727,479.399
723.831,600.163,229.655
721.747,599.945,354.638
719.663,599.726,479.62
475.229,350.245,351.414
478.607,348.377,476.355
481.986,346.509,601.295
474.898,475.231,353.292
478.276,473.363,478.232
481.655,471.495,603.173
474.567,600.216,355.169
477.945,598.348,480.11
481.324,596.48,605.05
600.182,350.627,348.041
603.561,348.759,472.981
606.94,346.891,597.922
599.852,475.612,349.919
603.23,473.744,474.859
606.609,471.876,599.799
599.521,600.598,351.796
602.899,598.73,476.737
606.278,596.862,601.677
725.136,351.008,344.668
728.515,349.14,469.608
731.893,347.272,594.549
724.806,475.994,346.545
728.184,474.126,471.486
731.563,472.258,596.426
724.475,600.979,348.423
727.853,599.111,473.363
731.232,597.243,598.304
474.602,351.412,476.61
475.12,348.314,601.57
475.638,345.215,726.531
473.119,476.365,479.714
473.637,473.266,604.675
474.155,470.168,729.635
471.636,601.317,482.819
472.154,598.219,607.779
472.672,595.12,732.74
599.592,352.908,476.129
600.11,349.809,601.089
600.628,346.711,726.05
598.109,477.86,479.233
598.627,474.762,604.194
599.145,471.663,729.154
596.626,602.813,482.338
597.144,599.714,607.298
597.662,596.616,732.259
724.583,354.403,475.648
725.1,351.305,600.608
725.618,348.206,725.569
723.099,479.356,478.752
723.617,476.257,603.713
724.135,473.159,728.674
721.616,604.309,481.857
722.134,601.21,606.818
722.652,598.111,731.778
473.892,350.848,601.788
472.142,350.191,726.774
470.392,349.534,851.76
474.512,475.845,602.454
472.762,475.188,727.44
471.012,474.531,852.426
475.132,600.842,603.119
473.382,600.185,728.105
471.631,599.528,853.091
598.879,350.219,603.535
597.128,349.562,728.521
595.378,348.905,853.507
599.498,475.216,604.2
597.748,474.559,729.186
595.998,473.902,854.173
600.118,600.213,604.866
598.368,599.556,729.852
596.618,598.899,854.838
723.865,349.59,605.282
722.115,348.933,730.268
720.364,348.276,855.254
724.485,474.587,605.947
722.734,473.93,730.933
720.984,473.273,855.919
725.104,599.584,606.613
723.354,598.927,731.599
721.604,598.27,856.585
474.578,474.915,100.633
476.434,474.911,225.619
478.291,474.908,350.605
476.495,599.9,100.608
478.352,599.897,225.594
480.208,599.893,350.581
478.413,724.886,100.584
480.269,724.882,225.57
482.125,724.878,350.556
599.55,472.998,98.7767
601.406,472.994,223.763
603.262,472.99,348.749
601.467,597.983,98.752
603.323,597.979,223.738
605.18,597.975,348.724
603.384,722.968,98.7274
605.241,722.965,223.714
607.097,722.961,348.7
724.521,471.08,96.9205
726.377,471.076,221.907
728.234,471.073,346.893
726.438,596.066,96.8959
728.295,596.062,221.882
730.151,596.058,346.868
728.356,721.051,96.8712
730.212,721.047,221.857
732.068,721.043,346.844
475.901,473.262,226.615
473.271,473.845,351.586
470.642,474.428,476.557
473.134,598.23,225.974
470.505,598.813,350.945
467.875,599.395,475.916
470.368,723.197,225.333
467.738,723.78,350.304
465.108,724.363,475.275
600.843,476.042,229.231
598.213,476.624,354.202
595.584,477.207,479.173
598.076,601.009,228.59
595.446,601.592,353.561
592.817,602.175,478.532
595.309,725.977,227.949
592.68,726.56,352.92
590.05,727.143,477.891
725.785,478.821,231.847
723.155,479.404,356.818
720.525,479.987,481.789
723.018,603.789,231.206
720.388,604.372,356.177
717.758,604.955,481.148
720.251,728.757,230.565
717.621,729.34,355.536
714.992,729.922,480.507
474.014,473.15,351.687
471.081,474.875,476.641
468.149,476.599,601.595
473.02,598.134,349.939
470.087,599.858,474.893
467.155,601.583,599.846
472.026,723.118,348.191
469.093,724.842,473.144
466.161,726.567,598.098
598.975,474.185,354.605
596.043,475.909,479.559
593.11,477.634,604.513
597.981,599.168,352.857
595.049,600.893,477.811
592.117,602.618,602.765
596.987,724.152,351.109
594.055,725.877,476.063
591.123,727.601,601.016
723.937,475.219,357.524
721.004,476.944,482.478
718.072,478.668,607.431
722.943,600.203,355.776
720.011,601.927,480.729
717.078,603.652,605.683
721.949,725.187,354.027
719.017,726.911,478.981
716.084,728.636,603.935
476.198,475.343,474.626
478.398,476.643,599.6
480.597,477.942,724.574
474.107,600.319,473.363
476.307,601.619,598.337
478.506,602.918,723.311
472.016,725.295,472.101
474.216,726.595,597.074
476.415,727.895,722.048
601.161,477.411,472.405
603.361,478.711,597.379
605.561,480.011,722.353
599.07,602.388,471.142
601.27,603.687,596.116
603.47,604.987,721.09
596.979,727.364,469.879
599.179,728.663,594.853
601.378,729.963,719.827
726.124,479.48,470.184
728.324,480.779,595.158
730.524,482.079,720.132
724.033,604.456,468.921
726.233,605.756,593.895
728.433,607.055,718.869
721.942,729.432,467.658
724.142,730.732,592.632
726.342,732.031,717.606
475.658,473.492,598.605
476.638,473.017,723.601
477.617,472.543,848.596
478.267,598.464,599.059
479.246,597.989,724.054
480.226,597.515,849.05
480.875,723.436,599.513
481.855,722.961,724.508
482.834,722.487,849.504
600.627,470.887,597.616
601.607,470.412,722.611
602.586,469.938,847.606
603.235,595.859,598.07
604.215,595.384,723.065
605.195,594.91,848.06
605.844,720.831,598.524
606.824,720.356,723.519
607.803,719.882,848.514
725.596,468.282,596.627
726.576,467.807,721.622
727.555,467.333,846.617
728.204,593.254,597.081
729.184,592.779,722.076
730.164,592.305,847.071
730.813,718.226,597.534
731.793,717.751,722.53
732.772,717.277,847.525
473.544,598.188,98.5663
470.32,595.093,223.486
467.095,591.997,348.406
474.198,723.148,101.68
470.974,720.052,226.6
467.75,716.956,351.52
474.853,848.107,104.794
471.629,845.012,229.714
468.405,841.916,354.634
598.5,597.454,101.773
595.276,594.358,226.693
592.052,591.262,351.613
599.155,722.413,104.887
595.931,719.318,229.807
592.707,716.222,354.727
599.809,847.373,108.001
596.585,844.277,232.921
593.361,841.181,357.841
723.457,596.719,104.98
720.233,593.624,229.9
717.009,590.528,354.82
724.112,721.679,108.094
720.888,718.583,233.014
717.663,715.487,357.934
724.766,846.638,111.207
721.542,843.543,236.127
718.318,840.447,361.047
475.987,598.926,226.635
473.596,601.226,351.591
471.204,603.526,476.547
472.577,723.858,224.271
470.186,726.157,349.227
467.795,728.457,474.183
469.168,848.789,221.906
466.776,851.088,346.862
464.385,853.388,471.818
600.917,602.38,228.963
598.526,604.68,353.919
596.135,606.979,478.874
597.508,727.311,226.598
595.117,729.611,351.554
592.725,731.91,476.51
594.098,852.242,224.234
591.707,854.542,349.19
589.316,856.842,474.146
725.848,605.834,231.29
723.457,608.133,356.246
721.065,610.433,481.202
722.439,730.765,228.925
720.047,733.064,353.881
717.656,735.364,478.837
719.029,855.696,226.561
716.638,857.995,351.517
714.246,860.295,476.473
473.581,601.488,351.819
473.628,601.405,476.819
473.675,601.323,601.819
475.746,726.469,351.901
475.793,726.387,476.901
475.84,726.304,601.901
477.912,851.451,351.983
477.959,851.368,476.983
478.006,851.285,601.983
598.562,599.323,351.77
598.609,599.24,476.77
598.656,599.157,601.77
600.727,724.304,351.852
600.774,724.221,476.852
600.822,724.139,601.852
602.893,849.285,351.934
602.94,849.203,476.934
602.987,849.12,601.934
723.543,597.157,351.722
723.59,597.075,476.722
723.637,596.992,601.722
725.709,722.139,351.804
725.756,722.056,476.804
725.803,721.973,601.804
727.874,847.12,351.886
727.921,847.037,476.886
727.968,846.954,601.886
473.288,599.783,476.541
475.475,602.979,601.481
477.663,606.174,726.421
470.663,724.716,473.391
472.851,727.911,598.331
475.038,731.107,723.271
468.038,849.648,470.242
470.226,852.844,595.182
472.413,856.04,720.122
598.241,602.351,474.287
600.429,605.547,599.227
602.616,608.743,724.167
595.616,727.284,471.138
597.804,730.48,596.078
599.991,733.675,721.018
592.991,852.217,467.988
595.179,855.413,592.928
597.367,858.608,717.868
723.194,604.92,472.034
725.382,608.115,596.974
727.569,611.311,721.914
720.569,729.853,468.884
722.757,733.048,593.824
724.945,736.244,718.764
717.945,854.785,465.735
720.132,857.981,590.675
722.32,861.177,715.615
476.389,599.217,599.852
477.638,599.162,724.846
478.887,599.106,849.84
479.596,724.176,599.876
480.845,724.12,724.87
482.094,724.065,849.863
482.802,849.135,599.899
484.051,849.079,724.893
485.3,849.024,849.887
601.342,596.011,598.602
602.591,595.955,723.596
603.84,595.9,848.589
604.549,720.97,598.626
605.798,720.914,723.619
607.047,720.859,848.613
607.755,845.929,598.649
609.004,845.873,723.643
610.253,845.817,848.637
726.295,592.805,597.352
727.544,592.749,722.346
728.793,592.694,847.339
729.501,717.764,597.376
730.75,717.708,722.369
731.999,717.652,847.363
732.708,842.723,597.399
733.957,842.667,722.393
735.206,842.611,847.387
600.921,100.664,100.083
600.893,99.3814,225.077
600.865,98.0986,350.07
602.822,225.643,101.366
602.794,224.36,226.36
602.766,223.078,351.353
604.723,350.622,102.649
604.695,349.339,227.643
604.667,348.057,352.636
725.906,98.7629,100.092
725.878,97.4802,225.085
725.85,96.1975,350.079
727.807,223.742,101.375
727.779,222.459,226.368
727.751,221.176,351.362
729.708,348.721,102.658
729.68,347.438,227.651
729.652,346.155,352.645
850.892,96.8617,100.1
850.864,95.579,225.094
850.836,94.2963,350.087
852.793,221.841,101.383
852.765,220.558,226.377
852.737,219.275,351.37
854.694,346.82,102.666
854.666,345.537,227.66
854.638,344.254,352.653
600.598,98.8034,223.977
600.215,98.2485,348.975
599.832,97.6935,473.973
599.901,223.8,224.53
599.518,223.245,349.528
599.135,222.69,474.526
599.205,348.797,225.082
598.822,348.242,350.081
598.439,347.687,475.079
725.596,99.4984,224.363
725.213,98.9435,349.361
724.829,98.3885,474.359
724.899,224.495,224.916
724.516,223.94,349.914
724.133,223.385,474.912
724.202,349.492,225.468
723.819,348.937,350.467
723.436,348.382,475.465
850.593,100.193,224.749
850.21,99.6385,349.747
849.827,99.0835,474.745
849.896,225.19,225.302
849.513,224.635,350.3
849.13,224.08,475.298
849.2,350.187,225.855
848.817,349.632,350.853
848.434,349.077,475.851
599.221,100.359,348.129
599.213,102.431,473.112
599.205,104.504,598.095
595.807,225.295,346.058
595.798,227.368,471.04
595.79,229.44,596.023
592.392,350.231,343.986
592.383,352.304,468.969
592.375,354.376,593.951
724.175,103.773,348.081
724.166,105.846,473.064
724.158,107.918,598.047
720.76,228.71,346.009
720.752,230.782,470.992
720.743,232.854,595.975
717.345,353.646,343.937
717.337,355.718,468.92
717.328,357.791,593.903
849.128,107.188,348.033
849.12,109.26,473.016
849.111,111.333,597.999
845.713,232.124,345.961
845.705,234.196,470.944
845.697,236.269,595.927
842.299,357.06,343.889
842.29,359.133,468.872
842.282,361.205,593.855
598.795,101.832,474.234
598.946,98.2999,599.184
599.097,94.7682,724.134
601.434,226.754,477.761
601.585,223.222,602.711
601.736,219.691,727.661
604.072,351.676,481.289
604.223,348.145,606.239
604.374,344.613,731.189
723.767,99.1984,474.008
723.918,95.6667,598.958
724.069,92.1349,723.908
726.406,224.121,477.536
726.557,220.589,602.486
726.708,217.057,727.436
729.044,349.043,481.064
729.195,345.511,606.014
729.346,341.98,730.964
848.739,96.5652,473.783
848.89,93.0334,598.733
849.041,89.5017,723.683
851.378,221.488,477.311
851.529,217.956,602.261
851.68,214.424,727.211
854.016,346.41,480.838
854.167,342.878,605.788
854.318,339.346,730.738
598.253,100.857,601.266
594.668,102.331,726.206
591.083,103.804,851.146
596.283,225.832,599.736
592.698,227.306,724.676
589.113,228.779,849.616
594.314,350.807,598.206
590.729,352.281,723.146
587.144,353.754,848.086
723.186,102.87,604.827
719.601,104.343,729.767
716.016,105.816,854.707
721.216,227.845,603.297
717.631,229.318,728.237
714.046,230.792,853.177
719.247,352.82,601.767
715.662,354.293,726.707
712.077,355.767,851.647
848.119,104.882,608.389
844.534,106.355,733.328
840.949,107.829,858.268
846.149,229.857,606.858
842.564,231.331,731.798
838.979,232.804,856.738
844.18,354.832,605.328
840.595,356.306,730.268
837.01,357.779,855.208
600.353,225.546,99.5034
602.449,225.951,224.485
604.545,226.357,349.467
600.364,350.546,99.0979
602.46,350.951,224.08
604.557,351.356,349.061
600.376,475.545,98.6923
602.472,475.95,223.674
604.568,476.355,348.656
725.335,225.528,97.4072
727.431,225.933,222.389
729.528,226.339,347.371
725.347,350.527,97.0017
727.443,350.933,221.983
729.539,351.338,346.965
725.358,475.527,96.5961
727.454,475.932,221.578
729.551,476.337,346.56
850.318,225.51,95.3111
852.414,225.915,220.293
854.51,226.32,345.275
850.329,350.509,94.9055
852.425,350.914,219.887
854.521,351.32,344.869
850.34,475.508,94.5
852.437,475.914,219.482
854.533,476.319,344.464
599.01,224.752,226.14
596.948,225.723,351.119
594.886,226.693,476.098
600.887,349.734,225.2
598.825,350.705,350.179
596.763,351.675,475.159
602.764,474.717,224.26
600.702,475.687,349.24
598.639,476.658,474.219
723.979,222.891,228.216
721.917,223.862,353.196
719.855,224.832,478.175
725.856,347.873,227.277
723.794,348.844,352.256
721.731,349.815,477.235
727.733,472.856,226.337
725.67,473.826,351.316
723.608,474.797,476.295
848.948,221.03,230.293
846.886,222.001,355.272
844.824,222.971,480.251
850.825,346.013,229.353
848.763,346.983,354.333
846.7,347.954,479.312
852.702,470.995,228.414
850.639,471.965,353.393
848.577,472.936,478.372
598.44,223.092,351.744
598.265,219.407,476.689
598.091,215.721,601.635
600.132,348.026,355.431
599.958,344.341,480.377
599.783,340.655,605.322
601.824,472.961,359.119
601.65,469.275,484.065
601.475,465.589,609.01
723.428,221.396,351.868
723.254,217.71,476.814
723.079,214.024,601.759
725.12,346.33,355.556
724.946,342.644,480.501
724.772,338.958,605.447
726.813,471.264,359.244
726.638,467.578,484.189
726.464,463.892,609.135
848.416,219.699,351.992
848.242,216.013,476.938
848.068,212.327,601.883
850.109,344.633,355.68
849.934,340.947,480.626
849.76,337.261,605.571
851.801,469.567,359.368
851.627,465.881,484.313
851.452,462.196,609.259
598.021,223.999,473.874
601.125,221.197,598.804
604.23,218.396,723.734
596.076,348.951,476.725
599.181,346.15,601.655
602.285,343.348,726.585
594.131,473.904,479.575
597.236,471.102,604.505
600.341,468.3,729.435
722.967,226.013,470.814
726.072,223.212,595.744
729.176,220.41,720.674
721.022,350.966,473.665
724.127,348.164,598.595
727.232,345.362,723.525
719.078,475.918,476.515
722.182,473.116,601.445
725.287,470.315,726.375
847.913,228.028,467.754
851.018,225.226,592.684
854.123,222.424,717.614
845.969,352.98,470.605
849.073,350.178,595.535
852.178,347.377,720.465
844.024,477.932,473.455
847.129,475.131,598.385
850.233,472.329,723.315
598.127,224.696,601.843
597.312,226.099,726.833
596.496,227.502,851.822
601.634,349.639,600.464
600.819,351.042,725.453
600.004,352.445,850.443
605.142,474.582,599.084
604.327,475.985,724.074
603.511,477.388,849.063
723.075,221.198,602.697
722.26,222.601,727.687
721.445,224.004,852.676
726.582,346.141,601.318
725.767,347.544,726.307
724.952,348.947,851.297
730.09,471.084,599.938
729.275,472.487,724.928
728.459,473.89,849.917
848.023,217.7,603.552
847.208,219.103,728.541
846.393,220.505,853.53
851.531,342.643,602.172
850.715,344.046,727.161
849.9,345.449,852.151
855.038,467.586,600.792
854.223,468.989,725.782
853.408,470.392,850.771
601.376,348.284,100.369
605.094,351.872,225.262
608.812,355.46,350.156
602.849,473.223,96.7363
606.567,476.811,221.629
610.285,480.399,346.523
604.322,598.161,93.1033
608.04,601.749,217.996
611.758,605.337,342.89
726.312,346.705,96.6954
730.03,350.293,221.589
733.748,353.881,346.482
727.785,471.643,93.0624
731.503,475.231,217.956
735.221,478.819,342.849
729.258,596.582,89.4294
732.976,600.17,214.323
736.694,603.758,339.216
851.248,345.125,93.0215
854.966,348.713,217.915
858.684,352.301,342.808
852.721,470.064,89.3885
856.439,473.652,214.282
860.157,477.24,339.175
854.194,595.002,85.7555
857.912,598.59,210.649
861.63,602.178,335.542
600.699,351.96,223.914
599.185,353.439,348.896
597.67,354.917,473.878
603.702,476.916,222.472
602.188,478.394,347.454
600.673,479.873,472.436
606.705,601.872,221.03
605.191,603.35,346.012
603.676,604.828,470.994
725.654,348.975,225.463
724.139,350.454,350.445
722.625,351.932,475.427
728.657,473.931,224.021
727.142,475.409,349.003
725.628,476.888,473.985
731.66,598.887,222.58
730.145,600.365,347.562
728.631,601.843,472.544
850.608,345.99,227.012
849.094,347.469,351.994
847.58,348.947,476.977
853.612,470.946,225.571
852.097,472.424,350.553
850.583,473.903,475.535
856.615,595.901,224.129
855.1,597.38,349.111
853.586,598.858,474.093
601.438,350.565,348.96
604.619,347.76,473.888
607.799,344.955,598.816
602.039,475.532,351.75
605.219,472.727,476.678
608.399,469.922,601.606
602.639,600.499,354.541
605.819,597.694,479.469
609,594.889,604.397
726.396,350.036,345.767
729.577,347.23,470.695
732.757,344.425,595.623
726.997,475.003,348.557
730.177,472.198,473.485
733.357,469.393,598.413
727.597,599.97,351.348
730.778,597.165,476.276
733.958,594.36,601.204
851.354,349.506,342.574
854.535,346.701,467.502
857.715,343.896,592.43
851.955,474.474,345.364
855.135,471.669,470.292
858.315,468.864,595.22
852.555,599.441,348.155
855.736,596.636,473.083
858.916,593.831,598.011
601.081,351.886,473.609
604.483,350.301,598.553
607.886,348.715,723.497
604.677,476.826,475.097
608.079,475.24,600.041
611.481,473.655,724.984
608.272,601.765,476.584
611.674,600.18,601.528
615.076,598.594,726.472
725.983,348.333,470.163
729.385,346.748,595.107
732.788,345.162,720.05
729.579,473.273,471.651
732.981,471.687,596.594
736.383,470.101,721.538
733.174,598.212,473.138
736.576,596.626,598.082
739.978,595.041,723.026
850.885,344.78,466.717
854.287,343.194,591.661
857.69,341.609,716.604
854.481,469.719,468.205
857.883,468.134,593.148
861.285,466.548,718.092
858.076,594.659,469.692
861.478,593.073,594.636
864.88,591.488,719.579
600.59,351.384,600.173
598.361,352.036,725.151
596.132,352.687,850.129
600.174,476.382,599.513
597.945,477.033,724.492
595.717,477.685,849.47
599.759,601.379,598.854
597.53,602.031,723.833
595.301,602.683,848.811
725.57,351.812,602.399
723.341,352.463,727.378
721.112,353.115,852.356
725.154,476.809,601.74
722.925,477.461,726.719
720.696,478.113,851.697
724.738,601.807,601.081
722.509,602.459,726.059
720.28,603.11,851.038
850.549,352.239,604.626
848.32,352.891,729.604
846.091,353.543,854.583
850.133,477.237,603.967
847.904,477.889,728.945
845.675,478.54,853.924
849.717,602.235,603.308
847.488,602.886,728.286
845.26,603.538,853.265
599.514,474.585,101.017
598.885,475.508,226.012
598.255,476.431,351.008
601.67,599.563,100.106
601.041,600.486,225.101
600.411,601.409,350.096
603.826,724.541,99.1936
603.197,725.464,224.189
602.567,726.387,349.184
724.494,472.434,101.663
723.864,473.357,226.658
723.235,474.279,351.653
726.65,597.412,100.751
726.02,598.335,225.746
725.391,599.258,350.741
728.806,722.39,99.8389
728.177,723.313,224.834
727.547,724.236,349.829
849.474,470.282,102.308
848.844,471.205,227.303
848.215,472.128,352.298
851.63,595.26,101.396
851,596.183,226.391
850.371,597.106,351.386
853.786,720.238,100.484
853.156,721.161,225.479
852.527,722.084,350.474
598.575,476.112,225.605
600.834,473.228,350.551
603.094,470.344,475.497
601.55,601.044,228.434
603.809,598.16,353.381
606.069,595.276,478.327
604.524,725.977,231.264
606.784,723.093,356.211
609.043,720.209,481.157
723.519,473.189,223.278
725.778,470.305,348.224
728.038,467.421,473.17
726.494,598.122,226.108
728.753,595.238,351.054
731.013,592.354,476
729.469,723.054,228.937
731.728,720.17,353.884
733.988,717.286,478.83
848.463,470.267,220.951
850.723,467.383,345.897
852.982,464.499,470.843
851.438,595.199,223.781
853.697,592.315,348.727
855.957,589.431,473.673
854.413,720.132,226.611
856.672,717.248,351.557
858.932,714.364,476.503
601.092,475.468,351.93
601.121,478.675,476.889
601.15,481.882,601.848
601.913,600.425,348.723
601.942,603.631,473.682
601.971,606.838,598.641
602.733,725.381,345.516
602.762,728.588,470.475
602.792,731.794,595.434
726.089,474.647,351.922
726.119,477.854,476.881
726.148,481.061,601.839
726.91,599.604,348.715
726.939,602.81,473.674
726.968,606.017,598.632
727.731,724.56,345.508
727.76,727.767,470.467
727.789,730.973,595.425
851.087,473.826,351.914
851.116,477.033,476.873
851.145,480.24,601.831
851.907,598.782,348.707
851.936,601.989,473.666
851.966,605.196,598.624
852.728,723.739,345.5
852.757,726.945,470.459
852.786,730.152,595.417
600.077,474.283,476.51
598.47,475.323,601.495
596.862,476.363,726.48
600.852,599.277,475.48
599.244,600.317,600.465
597.636,601.357,725.45
601.626,724.27,474.45
600.018,725.31,599.435
598.411,726.35,724.42
725.065,473.522,478.124
723.457,474.562,603.109
721.849,475.602,728.095
725.839,598.516,477.094
724.231,599.556,602.079
722.623,600.595,727.065
726.613,723.509,476.064
725.006,724.549,601.049
723.398,725.589,726.034
850.052,472.761,479.738
848.444,473.801,604.723
846.836,474.841,729.709
850.826,597.755,478.708
849.218,598.795,603.693
847.611,599.834,728.679
851.601,722.748,477.678
849.993,723.788,602.663
848.385,724.828,727.649
600.482,473.571,601.078
599.29,474.04,726.071
598.098,474.509,851.064
602.302,598.557,600.626
601.11,599.026,725.619
599.918,599.495,850.613
604.121,723.543,600.174
602.929,724.012,725.167
601.737,724.481,850.161
725.463,471.756,602.276
724.271,472.225,727.27
723.079,472.694,852.263
727.283,596.742,601.825
726.091,597.211,726.818
724.899,597.68,851.811
729.102,721.728,601.373
727.91,722.197,726.366
726.718,722.666,851.36
850.444,469.941,603.475
849.252,470.41,728.469
848.06,470.879,853.462
852.264,594.926,603.023
851.072,595.396,728.017
849.88,595.865,853.01
854.083,719.912,602.572
852.891,720.382,727.565
851.699,720.851,852.558
599.509,600.802,101.383
602.13,602.83,226.339
604.751,604.859,351.296
598.394,725.781,99.3779
601.015,727.809,224.334
603.636,729.838,349.29
597.278,850.759,97.3725
599.899,852.788,222.329
602.52,854.816,347.285
724.477,601.875,98.7447
727.098,603.903,223.701
729.719,605.931,348.657
723.361,726.853,96.7392
725.982,728.882,221.695
728.603,730.91,346.651
722.246,851.832,94.7338
724.867,853.861,219.69
727.488,855.889,344.646
849.444,602.947,96.106
852.065,604.976,221.062
854.686,607.004,346.018
848.329,727.926,94.1005
850.95,729.955,219.057
853.571,731.983,344.013
847.213,852.905,92.0951
849.834,854.934,217.051
852.455,856.962,342.007
598.185,598.886,223.929
598.738,599.754,348.924
599.291,600.622,473.92
601.232,723.846,223.047
601.785,724.714,348.043
602.338,725.582,473.039
604.278,848.806,222.166
604.831,849.674,347.162
605.385,850.542,472.157
723.146,595.835,223.397
723.699,596.704,348.393
724.252,597.572,473.389
726.193,720.795,222.516
726.746,721.663,347.511
727.299,722.532,472.507
729.24,845.755,221.634
729.793,846.623,346.63
730.346,847.491,471.626
848.108,592.785,222.865
848.661,593.653,347.861
849.214,594.521,472.857
851.155,717.745,221.984
851.708,718.613,346.98
852.261,719.481,471.975
854.202,842.704,221.103
854.755,843.573,346.098
855.308,844.441,471.094
598.914,599.286,349.717
601.429,597.956,474.684
603.944,596.625,599.652
602.342,724.233,350.978
604.857,722.902,475.945
607.372,721.572,600.913
605.771,849.179,352.239
608.286,847.849,477.206
610.801,846.519,602.174
723.842,595.884,347.166
726.357,594.554,472.134
728.872,593.223,597.101
727.27,720.83,348.427
729.785,719.5,473.395
732.3,718.17,598.362
730.699,845.777,349.688
733.213,844.447,474.656
735.728,843.117,599.623
848.769,592.482,344.616
851.284,591.151,469.584
853.799,589.821,594.551
852.198,717.428,345.877
854.713,716.098,470.845
857.228,714.768,595.812
855.626,842.375,347.138
858.141,841.045,472.106
860.656,839.714,597.073
599.806,599.501,474.113
596.375,600.092,599.064
592.943,600.684,724.016
596.81,724.463,473.439
593.378,725.054,598.39
589.947,725.646,723.342
593.814,849.425,472.765
590.382,850.017,597.717
586.951,850.608,722.668
724.723,602.514,477.529
721.292,603.106,602.48
717.86,603.697,727.432
721.727,727.477,476.855
718.295,728.068,601.807
714.864,728.659,726.758
718.731,852.439,476.182
715.299,853.03,601.133
711.868,853.622,726.085
849.64,605.528,480.945
846.209,606.119,605.897
842.777,606.711,730.848
846.644,730.49,480.272
843.212,731.081,605.223
839.781,731.673,730.175
843.648,855.452,479.598
840.216,856.044,604.549
836.785,856.635,729.501
598.429,598.037,599.442
600.066,599.509,724.423
601.703,600.981,849.404
597.887,723.028,597.977
599.524,724.5,722.958
601.162,725.972,847.939
597.345,848.018,596.512
598.982,849.49,721.493
600.62,850.962,846.474
723.417,598.56,597.799
725.054,600.032,722.779
726.692,601.504,847.76
722.875,723.55,596.334
724.512,725.022,721.314
726.15,726.494,846.295
722.333,848.54,594.869
723.97,850.012,719.849
725.608,851.484,844.83
848.405,599.082,596.155
850.042,600.554,721.136
851.68,602.026,846.116
847.863,724.073,594.69
849.5,725.545,719.671
851.138,727.017,844.651
847.321,849.063,593.225
848.959,850.535,718.206
850.596,852.007,843.186
