27,125,OUTPUT/pa2-debug-f-output-1.txt
190.223,187.753,196.368
335.236,324.681,124.972
99.7456,100.364,101.867
102.433,99.7762,226.837
105.119,99.1886,351.807
100.865,225.358,102.431
103.552,224.77,227.401
106.239,224.182,352.37
101.985,350.351,102.995
104.672,349.764,227.964
107.358,349.176,352.934
224.712,99.2567,99.1752
227.399,98.6691,224.145
230.085,98.0815,349.115
225.831,224.25,99.7389
228.518,223.663,224.709
231.205,223.075,349.678
226.951,349.244,100.303
229.638,348.657,225.272
232.325,348.069,350.242
349.678,98.1496,96.4832
352.365,97.562,221.453
355.052,96.9743,346.423
350.797,223.143,97.0469
353.484,222.556,222.017
356.171,221.968,346.986
351.917,348.137,97.6106
354.604,347.549,222.58
357.291,346.962,347.55
101.283,100.671,223.31
98.3871,96.9723,348.222
95.4908,93.2741,473.133
98.5493,225.588,226.945
95.653,221.89,351.857
92.7567,218.191,476.768
95.8152,350.505,230.58
92.9189,346.807,355.492
90.0226,343.109,480.403
226.22,103.318,226.285
223.324,99.6203,351.197
220.427,95.9221,476.109
223.486,228.236,229.92
220.59,224.537,354.832
217.693,220.839,479.744
220.752,353.153,233.555
217.855,349.455,358.467
214.959,345.756,483.379
351.156,105.966,229.261
348.26,102.268,354.172
345.364,98.57,479.084
348.422,230.884,232.896
345.526,227.185,357.807
342.63,223.487,482.719
345.688,355.801,236.531
342.792,352.103,361.442
339.896,348.404,486.354
100.37,100.313,348.554
99.63,101.932,473.542
98.89,103.55,598.529
97.1211,225.26,346.917
96.3811,226.879,471.904
95.6411,228.497,596.892
93.8723,350.207,345.28
93.1323,351.826,470.267
92.3923,353.444,595.254
225.326,103.571,349.252
224.586,105.19,474.239
223.846,106.808,599.227
222.077,228.518,347.615
221.337,230.137,472.602
220.597,231.756,597.589
218.828,353.465,345.977
218.088,355.084,470.965
217.348,356.703,595.952
350.281,106.829,349.95
349.541,108.448,474.937
348.801,110.067,599.924
347.032,231.776,348.312
346.292,233.395,473.3
345.552,235.014,598.287
343.783,356.723,346.675
343.043,358.342,471.662
342.303,359.961,596.649
101.567,98.1299,473.368
100.064,99.4095,598.352
98.5623,100.689,723.337
104.632,223.086,472.125
103.13,224.366,597.11
101.628,225.645,722.094
107.698,348.042,470.883
106.196,349.322,595.867
104.694,350.602,720.852
226.52,95.0794,474.901
225.018,96.359,599.885
223.516,97.6387,724.87
229.586,220.036,473.658
228.084,221.315,598.643
226.581,222.595,723.627
232.652,344.992,472.416
231.149,346.271,597.4
229.647,347.551,722.385
351.473,92.0289,476.434
349.971,93.3085,601.418
348.469,94.5882,726.403
354.539,216.985,475.191
353.037,218.265,600.176
351.535,219.544,725.16
357.605,341.941,473.949
356.103,343.221,598.933
354.601,344.501,723.918
99.1883,101.464,600.4
95.9857,100.186,725.352
92.7832,98.909,850.305
99.3721,226.457,601.682
96.1696,225.18,726.635
92.967,223.902,851.587
99.5559,351.45,602.965
96.3534,350.173,727.917
93.1508,348.896,852.87
224.147,101.247,603.6
220.945,99.9698,728.553
217.742,98.6924,853.505
224.331,226.24,604.883
221.128,224.963,729.835
217.926,223.686,854.788
224.515,351.234,606.165
221.312,349.956,731.118
218.11,348.679,856.07
349.106,101.031,606.801
345.903,99.7532,731.753
342.701,98.4758,856.706
349.29,226.024,608.083
346.087,224.746,733.036
342.885,223.469,857.988
349.474,351.017,609.366
346.271,349.74,734.318
343.069,348.462,859.271
98.7508,226.996,100.508
100.718,227.406,225.492
102.685,227.816,350.476
97.3101,351.987,100.121
99.2774,352.397,225.105
101.245,352.807,350.089
95.8694,476.979,99.7341
97.8367,477.388,224.718
99.804,477.798,349.702
223.727,228.431,98.5365
225.694,228.84,223.52
227.662,229.25,348.504
222.286,353.422,98.1494
224.254,353.832,223.133
226.221,354.241,348.117
220.846,478.413,97.7623
222.813,478.823,222.746
224.78,479.232,347.73
348.703,229.865,96.5646
350.67,230.275,221.548
352.638,230.685,346.532
347.263,354.856,96.1775
349.23,355.266,221.161
351.197,355.676,346.145
345.822,479.847,95.7904
347.789,480.257,220.774
349.756,480.667,345.758
100.044,225.537,225.238
98.027,225.604,350.221
96.0105,225.671,475.205
99.9664,350.537,225.17
97.9499,350.604,350.153
95.9334,350.671,475.137
99.8893,475.537,225.102
97.8728,475.604,350.085
95.8563,475.671,475.069
225.027,225.615,227.254
223.011,225.682,352.238
220.994,225.749,477.222
224.95,350.615,227.186
222.934,350.682,352.17
220.917,350.749,477.154
224.873,475.615,227.118
222.857,475.682,352.102
220.84,475.749,477.086
350.011,225.694,229.271
347.994,225.76,354.254
345.978,225.827,479.238
349.934,350.694,229.203
347.917,350.76,354.186
345.901,350.827,479.17
349.857,475.694,229.135
347.84,475.76,354.118
345.824,475.827,479.102
99.7139,225.301,350.933
96.1881,227.598,475.863
92.6623,229.895,600.792
98.6803,350.275,348.607
95.1545,352.572,473.536
91.6288,354.869,598.465
97.6468,475.249,346.28
94.121,477.546,471.209
90.5952,479.843,596.138
224.66,226.4,354.439
221.134,228.696,479.369
217.608,230.993,604.298
223.626,351.374,352.113
220.101,353.67,477.042
216.575,355.967,601.971
222.593,476.348,349.786
219.067,478.644,474.715
215.541,480.941,599.644
349.606,227.498,357.946
346.08,229.795,482.875
342.554,232.092,607.804
348.572,352.472,355.619
345.047,354.769,480.548
341.521,357.066,605.477
347.539,477.446,353.292
344.013,479.743,478.221
340.487,482.04,603.15
100.489,224.34,474.537
104.181,225.325,599.479
107.873,226.311,724.42
104.225,349.279,473.441
107.917,350.264,598.383
111.608,351.25,723.324
107.96,474.218,472.345
111.652,475.204,597.287
115.344,476.189,722.228
225.379,220.573,470.876
229.071,221.559,595.818
232.762,222.544,720.76
229.114,345.513,469.78
232.806,346.498,594.722
236.498,347.484,719.664
232.85,470.452,468.685
236.542,471.438,593.626
240.234,472.423,718.568
350.268,216.807,467.216
353.96,217.793,592.157
357.652,218.778,717.099
354.004,341.746,466.12
357.696,342.732,591.061
361.388,343.718,716.003
357.739,466.686,465.024
361.431,467.671,589.965
365.123,468.657,714.907
100.376,226.138,601.755
101.154,226.174,726.752
101.931,226.209,851.75
104.04,351.085,601.697
104.818,351.12,726.694
105.595,351.155,851.692
107.704,476.031,601.638
108.482,476.066,726.636
109.259,476.102,851.634
225.32,222.474,600.979
226.098,222.509,725.976
226.875,222.545,850.974
228.984,347.42,600.92
229.762,347.456,725.918
230.539,347.491,850.915
232.648,472.367,600.862
233.425,472.402,725.86
234.203,472.437,850.857
350.264,218.81,600.202
351.042,218.845,725.2
351.819,218.881,850.197
353.928,343.756,600.144
354.705,343.792,725.142
355.483,343.827,850.139
357.592,468.702,600.086
358.369,468.738,725.084
359.147,468.773,850.081
101.174,348.146,98.2172
103.4,345.747,223.174
105.626,343.347,348.131
101.247,473.123,100.616
103.473,470.723,225.573
105.699,468.323,350.53
101.321,598.1,103.015
103.547,595.7,227.972
105.772,593.3,352.93
226.154,348.116,95.9905
228.38,345.716,220.948
230.606,343.316,345.905
226.228,473.093,98.3895
228.453,470.693,223.347
230.679,468.293,348.304
226.301,598.07,100.789
228.527,595.67,225.746
230.752,593.27,350.703
351.134,348.085,93.7638
353.36,345.685,218.721
355.586,343.285,343.678
351.208,473.062,96.1628
353.433,470.662,221.12
355.659,468.262,346.077
351.281,598.039,98.5619
353.507,595.639,223.519
355.733,593.239,348.476
99.6291,350.701,223.695
96.5612,354.316,348.605
93.4933,357.931,473.515
99.2572,475.647,220.069
96.1893,479.263,344.979
93.1214,482.878,469.889
98.8853,600.594,216.444
95.8174,604.21,341.354
92.7496,607.825,466.264
224.591,351.161,226.751
221.523,354.776,351.661
218.455,358.392,476.571
224.219,476.108,223.125
221.151,479.723,348.035
218.083,483.338,472.945
223.847,601.055,219.5
220.779,604.67,344.41
217.711,608.285,469.32
349.553,351.622,229.806
346.485,355.237,354.716
343.417,358.852,479.626
349.181,476.569,226.181
346.113,480.184,351.091
343.045,483.799,476.001
348.809,601.516,222.556
345.741,605.131,347.466
342.673,608.746,472.376
100.294,350.628,348.324
97.6117,349.433,473.289
94.9297,348.239,598.255
102.87,475.595,349.573
100.188,474.401,474.539
97.5059,473.207,599.504
105.446,600.562,350.822
102.764,599.368,475.788
100.082,598.174,600.753
225.238,348.025,350.98
222.556,346.831,475.946
219.874,345.637,600.911
227.815,472.992,352.23
225.133,471.798,477.195
222.451,470.604,602.161
230.391,597.96,353.479
227.709,596.766,478.445
225.027,595.571,603.41
350.183,345.423,353.637
347.501,344.229,478.602
344.819,343.035,603.568
352.759,470.39,354.886
350.077,469.196,479.852
347.395,468.002,604.817
355.335,595.357,356.136
352.653,594.163,481.101
349.972,592.969,606.067
99.0503,349.099,473.99
101.768,347.953,598.955
104.486,346.808,723.92
96.8002,474.073,475.184
99.5179,472.927,600.149
102.236,471.782,725.115
94.5501,599.047,476.379
97.2678,597.901,601.344
99.9854,596.756,726.309
224.001,351.374,471.293
226.718,350.229,596.259
229.436,349.083,721.224
221.75,476.348,472.488
224.468,475.203,597.453
227.186,474.057,722.418
219.5,601.322,473.682
222.218,600.177,598.647
224.936,599.032,723.613
348.951,353.65,468.597
351.668,352.504,593.562
354.386,351.359,718.527
346.701,478.624,469.791
349.418,477.478,594.756
352.136,476.333,719.722
344.45,603.598,470.986
347.168,602.452,595.951
349.886,601.307,720.916
100.731,350.643,599.737
97.317,352.929,724.67
93.9032,355.216,849.602
100.298,475.621,597.438
96.8841,477.907,722.371
93.4703,480.194,847.303
99.865,600.599,595.139
96.4512,602.885,720.071
93.0374,605.172,845.004
225.683,351.138,603.143
222.27,353.425,728.075
218.856,355.711,853.008
225.251,476.116,600.843
221.837,478.403,725.776
218.423,480.689,850.708
224.818,601.094,598.544
221.404,603.381,723.477
217.99,605.667,848.409
350.636,351.634,606.548
347.222,353.92,731.48
343.808,356.207,856.413
350.203,476.612,604.249
346.789,478.898,729.181
343.376,481.185,854.114
349.77,601.59,601.95
346.356,603.876,726.882
342.943,606.163,851.814
98.219,476.185,101.286
98.4309,478.386,226.266
98.6428,480.587,351.247
97.4788,601.163,99.0858
97.6907,603.365,224.066
97.9026,605.566,349.047
96.7386,726.142,96.8859
96.9505,728.343,221.866
97.1624,730.544,346.847
223.217,476.921,101.061
223.429,479.122,226.041
223.64,481.324,351.022
222.476,601.9,98.8608
222.688,604.101,223.841
222.9,606.302,348.822
221.736,726.878,96.6609
221.948,729.079,221.641
222.16,731.281,346.622
348.214,477.658,100.836
348.426,479.859,225.816
348.638,482.06,350.797
347.474,602.636,98.6359
347.686,604.837,223.616
347.898,607.038,348.597
346.734,727.615,96.436
346.946,729.816,221.416
347.158,732.017,346.397
101.563,475.9,225.142
98.9595,478.588,350.086
96.3559,481.276,475.029
99.9437,600.859,222.419
97.3401,603.547,347.363
94.7366,606.236,472.307
98.3243,725.819,219.697
95.7208,728.507,344.641
93.1172,731.195,469.585
226.525,477.575,227.709
223.922,480.263,352.653
221.318,482.951,477.597
224.906,602.535,224.987
222.303,605.223,349.931
219.699,607.911,474.875
223.287,727.495,222.265
220.683,730.183,347.209
218.08,732.871,472.153
351.488,479.25,230.277
348.884,481.938,355.221
346.281,484.626,480.165
349.868,604.21,227.555
347.265,606.898,352.499
344.661,609.586,477.443
348.249,729.17,224.833
345.646,731.858,349.777
343.042,734.546,474.721
98.9274,473.619,351.972
99.9614,471.129,476.943
100.995,468.638,601.914
97.1712,598.582,354.477
98.2052,596.091,479.448
99.2392,593.601,604.419
95.4151,723.545,356.982
96.4491,721.054,481.953
97.4831,718.563,606.924
223.911,475.396,350.973
224.945,472.905,475.944
225.979,470.415,600.915
222.155,600.359,353.478
223.189,597.868,478.449
224.223,595.377,603.42
220.398,725.321,355.983
221.432,722.83,480.954
222.466,720.34,605.925
348.894,477.172,349.975
349.928,474.682,474.945
350.962,472.191,599.916
347.138,602.135,352.48
348.172,599.644,477.451
349.206,597.154,602.421
345.382,727.098,354.985
346.416,724.607,479.956
347.45,722.116,604.926
101.85,476.266,475.638
103.781,476.376,600.624
105.713,476.487,725.609
105.48,601.213,475.472
107.411,601.324,600.457
109.343,601.434,725.442
109.11,726.16,475.306
111.041,726.271,600.291
112.973,726.381,725.276
226.782,472.634,473.711
228.714,472.744,598.696
230.645,472.855,723.681
230.412,597.581,473.545
232.343,597.692,598.53
234.275,597.802,723.515
234.042,722.528,473.378
235.973,722.639,598.363
237.905,722.749,723.348
351.714,469.002,471.783
353.646,469.112,596.768
355.577,469.223,721.753
355.344,593.949,471.617
357.276,594.059,596.602
359.207,594.17,721.587
358.974,718.896,471.451
360.906,719.007,596.436
362.837,719.117,721.421
100.263,473.872,600.326
97.643,472.697,725.293
95.023,471.522,850.26
99.7621,598.865,601.49
97.1421,597.69,726.457
94.5221,596.516,851.424
99.2612,723.859,602.655
96.6412,722.684,727.622
94.0212,721.509,852.589
225.235,474.348,602.95
222.615,473.173,727.917
219.995,471.998,852.884
224.734,599.342,604.115
222.114,598.167,729.082
219.494,596.992,854.049
224.233,724.335,605.279
221.613,723.16,730.246
218.993,721.986,855.213
350.206,474.824,605.575
347.586,473.65,730.542
344.966,472.475,855.509
349.705,599.818,606.739
347.085,598.643,731.706
344.465,597.468,856.673
349.204,724.811,607.904
346.584,723.637,732.871
343.964,722.462,857.838
100.211,601.778,98.386
101.336,601.751,223.381
102.461,601.725,348.376
100.523,726.777,98.4095
101.648,726.751,223.404
102.773,726.725,348.399
100.835,851.777,98.4331
101.96,851.751,223.428
103.085,851.724,348.423
225.206,601.466,97.2609
226.331,601.439,222.256
227.456,601.413,347.251
225.518,726.465,97.2845
226.643,726.439,222.279
227.768,726.413,347.274
225.83,851.465,97.308
226.955,851.439,222.303
228.08,851.412,347.298
350.2,601.154,96.1358
351.325,601.127,221.131
352.45,601.101,346.126
350.512,726.153,96.1594
351.637,726.127,221.154
352.762,726.101,346.149
350.825,851.153,96.183
351.95,851.127,221.178
353.075,851.1,346.173
99.257,600.222,224.263
101.378,598.911,349.238
103.5,597.6,474.214
102.268,725.179,225.523
104.389,723.868,350.498
106.51,722.557,475.473
105.278,850.136,226.782
107.4,848.826,351.757
109.521,847.515,476.732
224.203,597.233,222.111
226.324,595.922,347.086
228.445,594.611,472.061
227.213,722.19,223.371
229.335,720.879,348.346
231.456,719.569,473.321
230.224,847.148,224.63
232.345,845.837,349.605
234.467,844.526,474.58
349.148,594.244,219.959
351.27,592.933,344.934
353.391,591.623,469.909
352.159,719.201,221.218
354.28,717.891,346.194
356.402,716.58,471.169
355.17,844.159,222.478
357.291,842.848,347.453
359.412,841.537,472.428
99.4054,601.336,350.684
102.512,603.912,475.618
105.618,606.489,600.553
99.5903,726.309,348.102
102.697,728.885,473.037
105.803,731.462,597.972
99.7751,851.282,345.52
102.881,853.859,470.455
105.988,856.435,595.39
224.367,601.087,347.582
227.473,603.663,472.517
230.579,606.24,597.451
224.552,726.06,345
227.658,728.637,469.935
230.764,731.213,594.87
224.736,851.033,342.418
227.843,853.61,467.353
230.949,856.186,592.288
349.328,600.838,344.48
352.434,603.414,469.415
355.541,605.991,594.35
349.513,725.811,341.898
352.619,728.388,466.833
355.725,730.964,591.768
349.698,850.785,339.317
352.804,853.361,464.251
355.91,855.937,589.186
101.235,600.407,474.714
99.3533,600.71,599.7
97.4711,601.012,724.685
102.971,725.395,474.438
101.089,725.697,599.424
99.207,726,724.409
104.707,850.383,474.162
102.825,850.685,599.147
100.943,850.988,724.133
226.209,598.676,476.601
224.327,598.978,601.586
222.445,599.281,726.572
227.945,723.664,476.324
226.063,723.966,601.31
224.181,724.268,726.295
229.681,848.651,476.048
227.799,848.954,601.033
225.917,849.256,726.019
351.183,596.944,478.487
349.301,597.247,603.472
347.419,597.549,728.458
352.919,721.932,478.21
351.037,722.234,603.196
349.155,722.537,728.181
354.655,846.92,477.934
352.773,847.222,602.92
350.89,847.525,727.905
100.956,601.559,601.771
100.658,599.855,726.759
100.36,598.151,851.747
99.5019,726.539,603.471
99.2037,724.835,728.459
98.9056,723.131,853.447
98.0479,851.519,605.172
97.7498,849.815,730.16
97.4516,848.111,855.148
225.947,603.009,602.089
225.649,601.305,727.077
225.351,599.601,852.065
224.493,727.989,603.789
224.195,726.285,728.777
223.897,724.581,853.765
223.039,852.969,605.49
222.741,851.265,730.478
222.443,849.561,855.466
350.938,604.459,602.406
350.64,602.755,727.395
350.342,601.051,852.383
349.484,729.439,604.107
349.186,727.735,729.095
348.888,726.031,854.083
348.03,854.419,605.807
347.732,852.715,730.795
347.434,851.011,855.783
226.944,101.523,100.397
229.849,100.851,225.361
232.754,100.18,350.326
229.973,226.485,100.998
232.878,225.813,225.962
235.783,225.141,350.927
233.001,351.447,101.599
235.906,350.775,226.564
238.812,350.103,351.528
351.873,98.509,97.4764
354.778,97.8373,222.441
357.683,97.1656,347.405
354.902,223.471,98.0776
357.807,222.799,223.042
360.712,222.127,348.006
357.931,348.433,98.6789
360.836,347.761,223.643
363.741,347.089,348.608
476.803,95.495,94.5559
479.708,94.8233,219.52
482.613,94.1516,344.485
479.832,220.457,95.1572
482.737,219.785,220.122
485.642,219.113,345.086
482.861,345.419,95.7585
485.766,344.747,220.723
488.671,344.075,345.687
225.775,101.97,226.888
226.931,100.232,351.87
228.086,98.4953,476.853
227.274,226.949,228.611
228.43,225.212,353.593
229.586,223.474,478.576
228.774,351.928,230.334
229.929,350.191,355.317
231.085,348.454,480.299
350.761,100.486,225.711
351.916,98.7492,350.694
353.072,97.012,475.677
352.26,225.465,227.435
353.416,223.728,352.417
354.571,221.991,477.4
353.759,350.445,229.158
354.915,348.707,354.14
356.071,346.97,479.123
475.746,99.003,224.535
476.902,97.2659,349.518
478.057,95.5287,474.5
477.246,223.982,226.258
478.401,222.245,351.241
479.557,220.508,476.224
478.745,348.961,227.982
479.901,347.224,352.964
481.056,345.487,477.947
226.88,99.4649,350.667
228.772,98.1959,475.646
230.664,96.927,600.626
230.149,224.416,351.886
232.041,223.147,476.866
233.933,221.878,601.845
233.418,349.368,353.106
235.31,348.099,478.085
237.202,346.83,603.064
351.823,96.2148,348.743
353.715,94.9458,473.722
355.607,93.6768,598.701
355.092,221.166,349.962
356.984,219.897,474.941
358.876,218.628,599.921
358.361,346.117,351.181
360.253,344.848,476.161
362.145,343.579,601.14
476.766,92.9646,346.819
478.658,91.6956,471.798
480.549,90.4267,596.777
480.035,217.916,348.038
481.927,216.647,473.017
483.819,215.378,597.996
483.304,342.867,349.257
485.196,341.598,474.236
487.088,340.329,599.216
223.92,99.1224,475.377
225.553,98.0456,600.361
227.186,96.9688,725.346
222.464,224.109,476.473
224.097,223.032,601.457
225.73,221.956,726.442
221.008,349.096,477.568
222.641,348.019,602.553
224.274,346.942,727.538
348.9,100.592,473.756
350.534,99.5156,598.741
352.167,98.4387,723.726
347.445,225.579,474.852
349.078,224.502,599.837
350.711,223.425,724.822
345.989,350.566,475.948
347.622,349.489,600.933
349.255,348.412,725.917
473.881,102.062,472.136
475.514,100.986,597.121
477.147,99.9087,722.105
472.426,227.049,473.232
474.059,225.972,598.217
475.692,224.895,723.201
470.97,352.036,474.328
472.603,350.959,599.312
474.236,349.882,724.297
223.166,99.3749,601.205
225.202,96.0732,726.145
227.238,92.7715,851.085
225.305,224.314,604.472
227.341,221.012,729.412
229.377,217.711,854.351
227.444,349.253,607.739
229.48,345.951,732.678
231.516,342.65,857.618
348.131,97.29,599.114
350.167,93.9884,724.053
352.203,90.6867,848.993
350.27,222.229,602.38
352.306,218.927,727.32
354.342,215.626,852.26
352.409,347.168,605.647
354.445,343.866,730.587
356.481,340.565,855.527
473.096,95.2052,597.022
475.132,91.9035,721.962
477.168,88.6018,846.902
475.235,220.144,600.289
477.271,216.842,725.229
479.307,213.541,850.169
477.375,345.083,603.556
479.411,341.781,728.496
481.446,338.48,853.435
224.642,226.994,98.8876
222.638,224.121,223.839
220.635,221.249,348.789
226.043,351.952,101.783
224.039,349.08,226.734
222.035,346.207,351.685
227.443,476.911,104.678
225.44,474.038,229.629
223.436,471.166,354.58
349.618,225.547,100.858
347.615,222.675,225.809
345.611,219.802,350.76
351.019,350.506,103.754
349.015,347.633,228.704
347.012,344.761,353.655
352.419,475.465,106.649
350.416,472.592,231.6
348.412,469.719,356.551
474.594,224.101,102.829
472.591,221.228,227.78
470.587,218.356,352.731
475.995,349.06,105.724
473.991,346.187,230.675
471.988,343.314,355.626
477.395,474.018,108.619
475.392,471.146,233.57
473.388,468.273,358.521
223.271,223.482,226.813
225.773,222.763,351.786
228.274,222.043,476.759
224.447,348.475,227.509
226.948,347.755,352.482
229.45,347.036,477.455
225.622,473.467,228.206
228.124,472.748,353.178
230.625,472.028,478.151
348.241,222.321,224.305
350.742,221.602,349.278
353.244,220.882,474.251
349.416,347.314,225.001
351.918,346.594,349.974
354.419,345.875,474.947
350.592,472.306,225.697
353.093,471.587,350.67
355.595,470.867,475.643
473.21,221.16,221.797
475.712,220.44,346.77
478.213,219.721,471.743
474.386,346.152,222.493
476.887,345.433,347.466
479.389,344.713,472.439
475.561,471.145,223.189
478.063,470.425,348.162
480.564,469.706,473.135
225.105,225.382,348.762
228.027,225.244,473.728
230.949,225.107,598.694
223.884,350.376,348.929
226.806,350.238,473.894
229.728,350.101,598.86
222.662,475.369,349.095
225.585,475.232,474.06
228.507,475.094,599.026
350.065,226.606,345.842
352.987,226.469,470.807
355.909,226.331,595.773
348.843,351.6,346.008
351.766,351.463,470.973
354.688,351.325,595.939
347.622,476.594,346.174
350.545,476.457,471.14
353.467,476.319,596.105
475.024,227.831,342.921
477.947,227.693,467.887
480.869,227.556,592.852
473.803,352.825,343.087
476.726,352.687,468.053
479.648,352.55,593.018
472.582,477.819,343.253
475.504,477.681,468.219
478.427,477.544,593.185
225.615,226.848,473.639
227.947,228.701,598.603
230.279,230.553,723.568
224.787,351.832,471.801
227.119,353.685,596.766
229.451,355.537,721.73
223.959,476.816,469.964
226.291,478.668,594.928
228.623,480.521,719.893
350.59,227.642,471.295
352.923,229.494,596.259
355.255,231.347,721.224
349.762,352.625,469.457
352.095,354.478,594.422
354.427,356.331,719.386
348.934,477.609,467.62
351.267,479.462,592.584
353.599,481.314,717.549
475.566,228.435,468.95
477.898,230.288,593.915
480.23,232.14,718.879
474.738,353.419,467.113
477.07,355.272,592.077
479.402,357.124,717.042
473.91,478.403,465.275
476.242,480.255,590.24
478.574,482.108,715.204
226.827,224.064,601.058
228.54,225.299,726.04
230.254,226.534,851.022
223.819,349.022,599.865
225.533,350.257,724.847
227.246,351.492,849.829
220.812,473.98,598.671
222.525,475.215,723.653
224.239,476.45,848.635
351.779,227.054,599.315
353.492,228.289,724.297
355.206,229.524,849.28
348.771,352.012,598.122
350.485,353.248,723.104
352.198,354.483,848.086
345.764,476.971,596.928
347.477,478.206,721.91
349.191,479.441,846.893
476.731,230.045,597.573
478.445,231.28,722.555
480.158,232.515,847.537
473.723,355.003,596.379
475.437,356.238,721.361
477.151,357.473,846.343
470.716,479.961,595.186
472.429,481.196,720.168
474.143,482.431,845.15
226.406,348.581,98.372
227.915,349.236,223.361
229.423,349.891,348.35
224.213,473.56,97.7435
225.722,474.215,222.733
227.231,474.87,347.722
222.021,598.539,97.115
223.529,599.194,222.104
225.038,599.849,347.093
351.378,350.766,96.8522
352.886,351.421,221.841
354.395,352.076,346.831
349.185,475.745,96.2237
350.694,476.4,221.213
352.202,477.055,346.202
346.993,600.724,95.5951
348.501,601.379,220.584
350.01,602.034,345.573
476.349,352.95,95.3323
477.858,353.605,220.322
479.367,354.26,345.311
474.157,477.93,94.7038
475.665,478.585,219.693
477.174,479.24,344.682
471.964,602.909,94.0753
473.473,603.564,219.064
474.981,604.219,344.054
223.235,349.823,225.242
219.952,346.262,350.149
216.668,342.701,475.055
223.017,474.772,228.799
219.733,471.211,353.705
216.45,467.651,478.611
222.799,599.721,232.355
219.515,596.16,357.261
216.232,592.6,482.167
348.192,349.947,228.531
344.908,346.387,353.437
341.625,342.826,478.343
347.974,474.897,232.087
344.69,471.336,356.993
341.407,467.775,481.899
347.755,599.846,235.643
344.472,596.285,360.549
341.188,592.724,485.455
473.149,350.072,231.819
469.865,346.511,356.725
466.582,342.951,481.631
472.93,475.021,235.375
469.647,471.461,360.281
466.363,467.9,485.188
472.712,599.97,238.931
469.429,596.41,363.838
466.145,592.849,488.744
223.911,351.128,351.831
225.524,353.066,476.806
227.138,355.005,601.78
221.128,476.083,349.929
222.741,478.021,474.904
224.355,479.959,599.878
218.345,601.037,348.027
219.958,602.976,473.002
221.572,604.914,597.976
348.869,353.886,350.175
350.483,355.824,475.15
352.096,357.763,600.124
346.086,478.841,348.273
347.7,480.779,473.248
349.313,482.717,598.222
343.303,603.795,346.371
344.917,605.733,471.346
346.53,607.672,596.321
473.828,356.644,348.519
475.441,358.582,473.494
477.055,360.52,598.469
471.045,481.599,346.617
472.658,483.537,471.592
474.272,485.475,596.567
468.262,606.553,344.715
469.875,608.491,469.69
471.489,610.43,594.665
226.283,348.643,474.709
228.092,345.654,599.66
229.9,342.664,724.611
224.81,473.598,477.72
226.619,470.609,602.671
228.427,467.619,727.623
223.337,598.553,480.731
225.145,595.564,605.682
226.954,592.574,730.634
351.261,350.159,472.936
353.07,347.17,597.887
354.879,344.18,722.839
349.788,475.115,475.947
351.597,472.125,600.899
353.406,469.135,725.85
348.315,600.07,478.958
350.124,597.08,603.91
351.932,594.09,728.861
476.24,351.676,471.164
478.048,348.686,596.115
479.857,345.696,721.066
474.766,476.631,474.175
476.575,473.641,599.126
478.384,470.651,724.077
473.293,601.586,477.186
475.102,598.596,602.137
476.911,595.606,727.088
224.321,348.142,599.089
225.848,351.402,724.037
227.375,354.661,848.985
227.028,473.07,595.797
228.555,476.329,720.745
230.083,479.589,845.693
229.735,597.997,592.505
231.262,601.256,717.453
232.79,604.516,842.401
349.282,345.396,597.633
350.81,348.656,722.581
352.337,351.915,847.53
351.99,470.323,594.341
353.517,473.583,719.289
355.044,476.843,844.237
354.697,595.251,591.049
356.224,598.51,715.997
357.751,601.77,840.945
474.244,342.65,596.178
475.771,345.909,721.126
477.298,349.169,846.074
476.951,467.577,592.885
478.478,470.837,717.834
480.005,474.096,842.782
479.658,592.505,589.593
481.185,595.764,714.541
482.712,599.024,839.49
223.68,473.481,99.6734
225.227,471.243,224.644
226.774,469.005,349.614
226.26,598.435,101.88
227.807,596.197,226.85
229.355,593.959,351.82
228.841,723.389,104.086
230.388,721.151,229.056
231.935,718.913,354.026
348.644,470.929,98.0807
350.191,468.691,223.051
351.738,466.452,348.021
351.224,595.883,100.287
352.771,593.645,225.257
354.318,591.406,350.228
353.804,720.837,102.493
355.352,718.598,227.463
356.899,716.36,352.434
473.608,468.377,96.4879
475.155,466.138,221.458
476.702,463.9,346.429
476.188,593.331,98.6941
477.735,591.092,223.664
479.282,588.854,348.635
478.768,718.284,100.9
480.315,716.046,225.871
481.862,713.808,350.841
226.493,476.526,223.918
223.707,475.842,348.885
220.921,475.158,473.852
226.164,601.524,224.595
223.378,600.84,349.562
220.592,600.156,474.529
225.835,726.522,225.271
223.049,725.838,350.238
220.263,725.154,475.205
351.462,476.84,226.706
348.676,476.156,351.673
345.889,475.472,476.64
351.133,601.838,227.382
348.347,601.154,352.35
345.56,600.47,477.317
350.804,726.835,228.059
348.018,726.151,353.026
345.232,725.468,477.993
476.43,477.154,229.494
473.644,476.47,354.461
470.858,475.786,479.428
476.101,602.151,230.17
473.315,601.467,355.137
470.529,600.784,480.105
475.772,727.149,230.847
472.986,726.465,355.814
470.2,725.781,480.781
226.593,476.054,349.107
224.033,476.828,474.078
221.472,477.603,599.049
228.674,601.035,348.375
226.113,601.809,473.346
223.553,602.583,598.318
230.754,726.015,347.643
228.193,726.79,472.615
225.633,727.564,597.586
351.55,473.989,351.68
348.989,474.764,476.651
346.429,475.538,601.622
353.63,598.97,350.948
351.07,599.744,475.919
348.509,600.518,600.891
355.71,723.951,350.216
353.15,724.725,475.188
350.589,725.499,600.159
476.506,471.925,354.253
473.946,472.699,479.224
471.385,473.473,604.195
478.587,596.905,353.521
476.026,597.679,478.492
473.466,598.454,603.464
480.667,721.886,352.789
478.106,722.66,477.761
475.546,723.434,602.732
224.379,474.33,476.776
225.659,471.527,601.739
226.939,468.724,726.701
223.085,599.291,479.593
224.366,596.488,604.555
225.646,593.685,729.517
221.792,724.253,482.409
223.072,721.45,607.371
224.352,718.647,732.333
349.366,475.652,475.526
350.646,472.849,600.488
351.926,470.046,725.45
348.072,600.613,478.342
349.352,597.81,603.304
350.633,595.007,728.266
346.779,725.575,481.158
348.059,722.772,606.12
349.339,719.969,731.082
474.353,476.974,474.275
475.633,474.171,599.237
476.913,471.368,724.199
473.059,601.935,477.091
474.339,599.132,602.053
475.619,596.329,727.015
471.765,726.897,479.908
473.046,724.094,604.87
474.326,721.291,729.832
223.913,476.819,598.604
225.881,479.714,723.555
227.849,482.609,848.506
222.133,601.773,595.737
224.101,604.668,720.688
226.069,607.563,845.639
220.352,726.728,592.87
222.321,729.623,717.821
224.289,732.518,842.772
348.885,478.553,596.595
350.853,481.448,721.546
352.821,484.343,846.497
347.105,603.508,593.728
349.073,606.403,718.679
351.041,609.298,843.63
345.324,728.462,590.861
347.292,731.357,715.812
349.261,734.252,840.763
473.857,480.288,594.587
475.825,483.183,719.538
477.793,486.078,844.489
472.076,605.242,591.72
474.045,608.137,716.671
476.013,611.032,841.622
470.296,730.197,588.853
472.264,733.092,713.804
474.232,735.986,838.755
223.202,599.226,99.9088
224.443,601.611,224.88
225.684,603.996,349.851
219.859,724.159,97.5577
221.1,726.544,222.529
222.341,728.929,347.5
216.516,849.092,95.2066
217.757,851.477,220.178
218.998,853.862,345.149
348.151,602.545,98.6045
349.392,604.93,223.576
350.633,607.315,348.547
344.808,727.478,96.2534
346.049,729.863,221.224
347.29,732.248,346.196
341.465,852.411,93.9023
342.706,854.796,218.873
343.947,857.181,343.844
473.1,605.864,97.3002
474.341,608.249,222.271
475.583,610.634,347.242
469.757,730.797,94.9491
470.998,733.182,219.92
472.239,735.567,344.891
466.414,855.73,92.598
467.655,858.115,217.569
468.896,860.5,342.54
223.055,599.333,223.281
223.224,598.602,348.279
223.394,597.87,473.277
225.851,724.3,224.009
226.02,723.568,349.006
226.19,722.837,474.004
228.647,849.266,224.736
228.816,848.535,349.734
228.986,847.803,474.732
348.023,596.538,223.095
348.193,595.807,348.093
348.362,595.075,473.091
350.819,721.505,223.823
350.989,720.773,348.821
351.158,720.042,473.818
353.615,846.472,224.551
353.785,845.74,349.548
353.954,845.008,474.546
472.992,593.743,222.909
473.162,593.012,347.907
473.331,592.28,472.905
475.788,718.71,223.637
475.957,717.978,348.635
476.127,717.247,473.633
478.584,843.677,224.365
478.753,842.945,349.362
478.923,842.213,474.36
224.323,600.434,349.147
225.89,601.103,474.135
227.458,601.773,599.124
224.203,725.433,348.479
225.77,726.102,473.468
227.338,726.771,598.456
224.083,850.431,347.812
225.651,851.1,472.8
227.218,851.769,597.789
349.313,600.546,347.579
350.88,601.215,472.567
352.448,601.884,597.556
349.193,725.544,346.911
350.761,726.213,471.9
352.328,726.882,596.888
349.073,850.542,346.244
350.641,851.211,471.232
352.208,851.88,596.22
474.303,600.657,346.011
475.871,601.326,470.999
477.438,601.995,595.987
474.183,725.656,345.343
475.751,726.325,470.331
477.318,726.994,595.32
474.063,850.654,344.675
475.631,851.323,469.664
477.198,851.992,594.652
223.169,599.221,475.627
221.436,598.282,600.612
219.702,597.342,725.596
223.742,724.216,476.575
222.008,723.277,601.559
220.274,722.337,726.544
224.314,849.211,477.522
222.58,848.272,602.507
220.846,847.332,727.491
348.156,598.636,477.357
346.422,597.696,602.341
344.688,596.757,727.326
348.728,723.631,478.304
346.994,722.692,603.289
345.261,721.752,728.273
349.3,848.626,479.252
347.567,847.687,604.236
345.833,846.747,729.221
473.143,598.051,479.086
471.409,597.111,604.071
469.675,596.172,729.055
473.715,723.046,480.034
471.981,722.106,605.018
470.247,721.167,730.003
474.287,848.041,480.981
472.553,847.101,605.966
470.819,846.162,730.95
225.793,599.673,601.654
227.026,596.195,726.6
228.26,592.716,851.545
228.917,724.586,605.101
230.15,721.108,730.046
231.383,717.63,854.992
232.04,849.5,608.547
233.274,846.021,733.493
234.507,842.543,858.438
350.748,596.585,600.335
351.981,593.106,725.28
353.215,589.628,850.226
353.872,721.498,603.781
355.105,718.02,728.727
356.338,714.541,853.672
356.995,846.411,607.228
358.229,842.933,732.173
359.462,839.455,857.119
475.703,593.496,599.016
476.936,590.018,723.961
478.169,586.54,848.907
478.827,718.41,602.462
480.06,714.931,727.408
481.293,711.453,852.353
481.95,843.323,605.909
483.184,839.845,730.854
484.417,836.367,855.8
350.396,101.389,100.042
347.069,101.497,224.998
343.742,101.606,349.953
347.321,226.351,99.8514
343.994,226.459,224.807
340.667,226.568,349.763
344.246,351.313,99.6608
340.919,351.421,224.616
337.592,351.53,349.572
475.314,104.468,103.365
471.987,104.576,228.321
468.66,104.685,353.277
472.239,229.43,103.175
468.912,229.538,228.13
465.585,229.647,353.086
469.164,354.392,102.984
465.837,354.5,227.94
462.51,354.609,352.895
600.232,107.547,106.688
596.905,107.655,231.644
593.578,107.764,356.6
597.156,232.509,106.498
593.83,232.617,231.453
590.503,232.726,356.409
594.081,357.471,106.307
590.755,357.579,231.263
587.428,357.688,356.219
350.007,98.2876,224.899
348.078,97.5741,349.882
346.149,96.8605,474.865
349.79,223.285,225.609
347.861,222.572,350.592
345.932,221.858,475.575
349.572,348.283,226.32
347.643,347.57,351.303
345.714,346.856,476.286
474.992,98.494,226.829
473.063,97.7804,351.812
471.134,97.0669,476.795
474.775,223.492,227.54
472.846,222.778,352.523
470.917,222.065,477.506
474.557,348.49,228.25
472.628,347.776,353.233
470.699,347.062,478.216
599.977,98.7004,228.759
598.048,97.9868,353.742
596.119,97.2732,478.726
599.76,223.698,229.47
597.831,222.985,354.453
595.902,222.271,479.436
599.542,348.696,230.18
597.613,347.982,355.163
595.684,347.269,480.146
350.424,100.26,350.971
351.928,102.956,475.933
353.432,105.651,600.895
351.912,225.222,348.257
353.417,227.917,473.219
354.921,230.613,598.181
353.401,350.183,345.544
354.905,352.879,470.506
356.409,355.575,595.467
475.406,98.7394,349.499
476.91,101.435,474.461
478.414,104.131,599.423
476.894,223.701,346.786
478.399,226.397,471.748
479.903,229.093,596.709
478.383,348.663,344.072
479.887,351.358,469.034
481.391,354.054,593.996
600.388,97.2188,348.028
601.892,99.9145,472.99
603.397,102.61,597.951
601.877,222.18,345.314
603.381,224.876,470.276
604.885,227.572,595.238
603.365,347.142,342.6
604.869,349.838,467.562
606.373,352.534,592.524
350.664,100.78,473.685
354.143,103.013,598.617
357.623,105.247,723.549
349.319,225.753,471.489
352.799,227.987,596.42
356.278,230.22,721.352
347.975,350.726,469.292
351.454,352.96,594.223
354.934,355.194,719.155
475.608,102.062,470.183
479.087,104.296,595.114
482.567,106.529,720.046
474.263,227.036,467.986
477.743,229.269,592.917
481.223,231.503,717.849
472.919,352.009,465.789
476.399,354.243,590.72
479.878,356.476,715.652
600.552,103.345,466.68
604.032,105.578,591.611
607.511,107.812,716.543
599.208,228.318,464.483
602.687,230.552,589.414
606.167,232.785,714.346
597.863,353.291,462.286
601.343,355.525,587.218
604.822,357.759,712.149
349.458,101.098,598.049
350.615,102.165,723.039
351.773,103.232,848.029
349.808,226.093,596.979
350.966,227.16,721.969
352.123,228.227,846.959
350.158,351.088,595.909
351.316,352.155,720.899
352.473,353.222,845.889
474.452,100.738,596.895
475.61,101.805,721.885
476.767,102.872,846.875
474.802,225.733,595.824
475.96,226.8,720.814
477.117,227.867,845.805
475.152,350.728,594.754
476.31,351.795,719.744
477.467,352.862,844.734
599.446,100.378,595.74
600.604,101.445,720.73
601.761,102.512,845.72
599.796,225.373,594.67
600.954,226.44,719.66
602.111,227.507,844.65
600.146,350.368,593.599
601.304,351.435,718.589
602.462,352.502,843.58
348.007,223.022,99.881
345.984,220.659,224.842
343.961,218.295,349.804
349.284,347.993,102.266
347.261,345.629,227.227
345.238,343.266,352.188
350.561,472.964,104.65
348.538,470.6,229.612
346.515,468.236,354.573
472.984,221.707,101.879
470.961,219.343,226.841
468.938,216.979,351.802
474.261,346.678,104.264
472.238,344.314,229.225
470.215,341.95,354.187
475.538,471.648,106.649
473.515,469.285,231.61
471.492,466.921,356.571
597.961,220.392,103.878
595.938,218.028,228.839
593.915,215.664,353.8
599.238,345.362,106.263
597.215,342.999,231.224
595.192,340.635,356.185
600.516,470.333,108.647
598.492,467.969,233.608
596.469,465.605,358.57
351.519,223.31,225.173
353.322,219.807,350.111
355.125,216.305,475.049
351.756,348.26,228.672
353.559,344.758,353.61
355.362,341.256,478.548
351.993,473.211,232.172
353.796,469.709,357.109
355.599,466.207,482.047
476.505,223.123,223.364
478.308,219.621,348.302
480.111,216.118,473.24
476.743,348.074,226.863
478.546,344.571,351.801
480.349,341.069,476.739
476.98,473.025,230.363
478.783,469.522,355.301
480.586,466.02,480.238
601.492,222.936,221.555
603.295,219.434,346.493
605.098,215.932,471.431
601.729,347.887,225.054
603.532,344.385,349.992
605.335,340.883,474.93
601.967,472.838,228.554
603.77,469.336,353.492
605.573,465.833,478.43
349.113,226.548,348.298
345.757,224.219,473.231
342.402,221.89,598.164
347.977,351.521,350.597
344.622,349.192,475.53
341.267,346.863,600.463
346.842,476.495,352.896
343.486,474.166,477.829
340.131,471.837,602.762
474.062,227.621,351.673
470.707,225.292,476.607
467.352,222.963,601.54
472.927,352.594,353.972
469.572,350.265,478.906
466.216,347.937,603.839
471.791,477.568,356.272
468.436,475.239,481.205
465.081,472.91,606.138
599.012,228.694,355.049
595.657,226.365,479.982
592.302,224.036,604.915
597.877,353.668,357.348
594.521,351.339,482.281
591.166,349.01,607.215
596.741,478.641,359.647
593.386,476.312,484.581
590.031,473.983,609.514
350.892,223.646,475.218
350.658,227.085,600.17
350.424,230.523,725.123
348.784,348.581,471.775
348.55,352.019,596.728
348.316,355.458,721.68
346.677,473.515,468.333
346.443,476.954,593.286
346.209,480.393,718.238
475.874,225.759,475.394
475.64,229.198,600.346
475.406,232.637,725.299
473.766,350.694,471.951
473.532,354.133,596.904
473.298,357.571,721.856
471.659,475.629,468.509
471.425,479.067,593.461
471.191,482.506,718.414
600.856,227.872,475.569
600.622,231.311,600.522
600.388,234.75,725.474
598.748,352.807,472.127
598.514,356.246,597.08
598.28,359.685,722.032
596.641,477.742,468.685
596.407,481.181,593.637
596.173,484.619,718.59
351.083,225.539,598.117
350.261,223.62,723.099
349.438,221.701,848.082
350.141,350.52,600.029
349.318,348.601,725.012
348.495,346.682,849.994
349.198,475.502,601.942
348.375,473.583,726.925
347.553,471.664,851.907
476.077,226.468,598.954
475.254,224.549,723.936
474.431,222.63,848.919
475.135,351.45,600.867
474.312,349.531,725.849
473.489,347.612,850.832
474.192,476.432,602.779
473.369,474.513,727.762
472.546,472.594,852.744
601.071,227.398,599.791
600.248,225.479,724.773
599.425,223.56,849.756
600.128,352.38,601.704
599.305,350.461,726.686
598.483,348.542,851.669
599.186,477.362,603.616
598.363,475.443,728.599
597.54,473.524,853.582
350.323,350.997,101.29
352.493,348.088,226.238
354.663,345.179,351.185
353.582,475.922,104.142
355.752,473.013,229.089
357.922,470.104,354.036
356.84,600.847,106.993
359.01,597.938,231.94
361.181,595.029,356.888
475.262,347.789,99.0456
477.432,344.88,223.993
479.602,341.972,348.94
478.52,472.714,101.897
480.69,469.805,226.844
482.861,466.897,351.792
481.779,597.639,104.748
483.949,594.73,229.696
486.119,591.822,354.643
600.2,344.581,96.8009
602.37,341.672,221.748
604.541,338.764,346.695
603.459,469.506,99.6523
605.629,466.597,224.6
607.799,463.689,349.547
606.718,594.431,102.504
608.888,591.522,227.451
611.058,588.614,352.398
351.301,349.836,223.541
352.214,351.803,348.522
353.126,353.77,473.503
348.579,474.792,221.595
349.491,476.758,346.576
350.404,478.725,471.557
345.856,599.747,219.648
346.769,601.713,344.63
347.681,603.68,469.611
476.268,352.544,222.586
477.181,354.511,347.567
478.093,356.478,472.548
473.546,477.5,220.64
474.458,479.466,345.621
475.371,481.433,470.602
470.823,602.455,218.693
471.736,604.421,343.674
472.648,606.388,468.656
601.235,355.252,221.631
602.148,357.219,346.612
603.06,359.185,471.593
598.513,480.207,219.684
599.425,482.174,344.666
600.338,484.141,469.647
595.79,605.163,217.738
596.703,607.129,342.719
597.615,609.096,467.701
349.626,350.479,348.889
351.868,350.316,473.868
354.109,350.152,598.848
347.116,475.453,349.097
349.357,475.29,474.077
351.599,475.127,599.056
344.605,600.428,349.305
346.847,600.265,474.285
349.088,600.102,599.264
474.581,352.993,346.651
476.822,352.829,471.631
479.064,352.666,596.611
472.071,477.967,346.859
474.312,477.804,471.839
476.553,477.641,596.819
469.56,602.942,347.067
471.801,602.779,472.047
474.043,602.616,597.027
599.536,355.506,344.413
601.777,355.343,469.393
604.018,355.18,594.373
597.025,480.481,344.621
599.267,480.318,469.601
601.508,480.155,594.581
594.515,605.456,344.83
596.756,605.293,469.809
598.997,605.129,594.789
349.365,349.596,474.205
349.491,352.073,599.18
349.617,354.55,724.155
351.957,474.544,471.725
352.083,477.021,596.701
352.209,479.498,721.676
354.549,599.493,469.246
354.675,601.97,594.221
354.801,604.447,719.197
474.338,347.001,474.13
474.464,349.479,599.105
474.59,351.956,724.081
476.93,471.95,471.651
477.056,474.427,596.626
477.182,476.904,721.601
479.522,596.899,469.171
479.648,599.376,594.147
479.774,601.853,719.122
599.311,344.407,474.055
599.437,346.885,599.031
599.563,349.362,724.006
601.903,469.356,471.576
602.029,471.833,596.551
602.155,474.31,721.527
604.495,594.304,469.097
604.621,596.782,594.072
604.747,599.259,719.048
349.233,351.298,600.133
348.793,353.059,725.12
348.354,354.821,850.107
347.426,476.273,598.366
346.986,478.034,723.352
346.547,479.795,848.339
345.619,601.247,596.598
345.18,603.008,721.585
344.74,604.769,846.572
474.219,353.111,600.547
473.779,354.872,725.534
473.34,356.633,850.521
472.412,478.085,598.78
471.973,479.847,723.767
471.533,481.608,848.753
470.605,603.06,597.012
470.166,604.821,721.999
469.726,606.582,846.986
599.205,354.924,600.961
598.766,356.685,725.948
598.326,358.446,850.935
597.398,479.898,599.194
596.959,481.66,724.181
596.519,483.421,849.168
595.592,604.873,597.427
595.152,606.634,722.413
594.712,608.395,847.4
348.544,474.281,98.8854
351.915,476.009,223.828
355.285,477.736,348.771
348.52,599.27,97.158
351.89,600.997,222.101
355.261,602.724,347.043
348.495,724.258,95.4305
351.866,725.985,220.373
355.236,727.712,345.316
473.499,474.259,95.5151
476.869,475.987,220.458
480.24,477.714,345.4
473.474,599.247,93.7877
476.845,600.975,218.73
480.215,602.702,343.673
473.45,724.235,92.0602
476.82,725.963,217.003
480.191,727.69,341.945
598.454,474.237,92.1448
601.824,475.965,217.087
605.194,477.692,342.03
598.429,599.225,90.4174
601.799,600.953,215.36
605.17,602.68,340.303
598.405,724.213,88.6899
601.775,725.941,213.633
605.145,727.668,338.575
351.913,476.706,225.108
354.656,475.957,350.076
357.4,475.208,475.043
349.036,601.67,225.92
351.779,600.921,350.888
354.522,600.172,475.855
346.158,726.634,226.732
348.901,725.885,351.7
351.644,725.136,476.667
476.85,479.6,222.383
479.593,478.851,347.351
482.336,478.103,472.318
473.972,604.564,223.195
476.716,603.816,348.162
479.459,603.067,473.13
471.095,729.529,224.007
473.838,728.78,348.974
476.581,728.031,473.942
601.787,482.495,219.658
604.53,481.746,344.625
607.273,480.997,469.593
598.909,607.459,220.47
601.652,606.71,345.437
604.396,605.961,470.405
596.032,732.423,221.282
598.775,731.675,346.249
601.518,730.926,471.217
348.524,474.549,348.821
351.977,477.579,473.736
355.431,480.61,598.652
350.697,599.492,345.73
354.151,602.522,470.645
357.604,605.553,595.561
352.87,724.435,342.639
356.324,727.465,467.554
359.777,730.495,592.47
473.457,472.292,345.422
476.911,475.322,470.337
480.364,478.352,595.253
475.63,597.235,342.33
479.084,600.265,467.246
482.538,603.295,592.161
477.804,722.177,339.239
481.257,725.208,464.155
484.711,728.238,589.07
598.39,470.034,342.022
601.844,473.065,466.938
605.298,476.095,591.853
600.564,594.977,338.931
604.017,598.008,463.847
607.471,601.038,588.762
602.737,719.92,335.84
606.191,722.951,460.755
609.644,725.981,585.671
348.792,475.05,476.824
351.507,475.965,601.791
354.221,476.88,726.758
348.244,600.046,475.921
350.958,600.961,600.888
353.673,601.875,725.855
347.696,725.042,475.018
350.41,725.956,599.985
353.125,726.871,724.952
473.762,475.579,474.105
476.476,476.494,599.072
479.19,477.408,724.04
473.213,600.574,473.202
475.928,601.489,598.17
478.642,602.404,723.137
472.665,725.57,472.3
475.38,726.485,597.267
478.094,727.399,722.234
598.731,476.107,471.387
601.445,477.022,596.354
604.16,477.937,721.321
598.183,601.103,470.484
600.897,602.018,595.451
603.611,602.932,720.418
597.634,726.098,469.581
600.349,727.013,594.548
603.063,727.928,719.516
351.59,473.648,600.401
351.435,473.295,725.401
351.281,472.942,850.4
350.97,598.646,600.754
350.816,598.293,725.753
350.661,597.94,850.752
350.351,723.644,601.106
350.196,723.291,726.105
350.042,722.938,851.105
476.588,474.267,600.558
476.434,473.914,725.557
476.279,473.561,850.557
475.969,599.265,600.91
475.814,598.912,725.909
475.66,598.559,850.909
475.349,724.263,601.262
475.195,723.91,726.262
475.04,723.557,851.261
601.587,474.886,600.714
601.432,474.533,725.713
601.277,474.18,850.713
600.967,599.884,601.066
600.812,599.531,726.066
600.658,599.178,851.065
600.347,724.882,601.419
600.193,724.529,726.418
600.038,724.176,851.417
348.679,600.019,101.557
346.71,599.964,226.541
344.741,599.909,351.526
344.977,724.964,101.553
343.008,724.909,226.538
341.039,724.855,351.522
341.275,849.909,101.55
339.306,849.854,226.534
337.337,849.8,351.519
473.609,603.72,103.527
471.64,603.666,228.511
469.671,603.611,353.496
469.907,728.665,103.523
467.938,728.611,228.508
465.969,728.556,353.492
466.205,853.611,103.519
464.236,853.556,228.504
462.267,853.501,353.488
598.538,607.422,105.497
596.569,607.367,230.481
594.6,607.312,355.466
594.837,732.367,105.493
592.868,732.312,230.477
590.898,732.258,355.462
591.135,857.312,105.489
589.166,857.257,230.474
587.197,857.203,355.458
349.354,599.446,224.239
352.932,596.883,349.162
356.51,594.32,474.084
351.112,724.409,226.753
354.69,721.846,351.675
358.268,719.283,476.598
352.87,849.371,229.266
356.448,846.808,354.189
360.026,844.245,479.111
474.291,597.761,220.627
477.869,595.198,345.549
481.446,592.635,470.472
476.049,722.724,223.14
479.627,720.161,348.063
483.204,717.598,472.985
477.807,847.686,225.654
481.385,845.123,350.576
484.962,842.56,475.499
599.227,596.076,217.014
602.805,593.513,341.936
606.383,590.95,466.859
600.985,721.039,219.527
604.563,718.476,344.45
608.141,715.913,469.372
602.743,846.001,222.041
606.321,843.438,346.963
609.899,840.875,471.886
348.231,598.432,348.88
345.364,600.888,473.823
342.497,603.344,598.766
349.46,723.403,346.452
346.593,725.859,471.395
343.725,728.314,596.338
350.689,848.373,344.024
347.822,850.829,468.967
344.954,853.285,593.91
473.192,597.26,351.771
470.325,599.715,476.714
467.458,602.171,601.657
474.421,722.23,349.343
471.554,724.686,474.286
468.687,727.142,599.229
475.65,847.2,346.915
472.783,849.656,471.858
469.916,852.112,596.801
598.153,596.087,354.662
595.286,598.543,479.605
592.419,600.998,604.548
599.382,721.057,352.234
596.515,723.513,477.177
593.648,725.969,602.12
600.611,846.028,349.806
597.744,848.483,474.749
594.877,850.939,599.692
350.66,599.659,475.811
350.518,601.06,600.803
350.376,602.461,725.795
350.372,724.651,474.41
350.23,726.052,599.402
350.088,727.453,724.394
350.085,849.643,473.009
349.943,851.044,598.001
349.801,852.445,722.993
475.659,599.948,475.95
475.517,601.349,600.942
475.375,602.75,725.934
475.372,724.94,474.549
475.23,726.341,599.541
475.088,727.742,724.533
475.085,849.932,473.148
474.943,851.333,598.14
474.801,852.734,723.132
600.659,600.237,476.089
600.517,601.638,601.081
600.375,603.039,726.073
600.372,725.229,474.688
600.23,726.63,599.68
600.088,728.031,724.672
600.084,850.221,473.286
599.942,851.622,598.278
599.8,853.023,723.27
351.392,598.223,599.09
352.355,598.734,724.085
353.318,599.246,849.08
349.234,723.204,598.595
350.197,723.715,723.59
351.16,724.226,848.586
347.076,848.184,598.1
348.039,848.695,723.096
349.001,849.207,848.091
476.37,600.377,598.118
477.333,600.889,723.113
478.295,601.4,848.109
474.212,725.358,597.624
475.174,725.869,722.619
476.137,726.38,847.614
472.053,850.338,597.129
473.016,850.85,722.124
473.979,851.361,847.119
601.347,602.532,597.147
602.31,603.043,722.142
603.273,603.554,847.137
599.189,727.512,596.652
600.152,728.023,721.647
601.115,728.535,846.643
597.031,852.492,596.157
597.994,853.004,721.153
598.957,853.515,846.148
473.822,100.996,101.148
474.957,101.611,226.142
476.092,102.226,351.135
474.171,225.994,100.53
475.306,226.609,225.524
476.44,227.224,350.517
474.52,350.992,99.9125
475.655,351.607,224.906
476.789,352.222,349.899
598.817,100.642,100.015
599.951,101.257,225.009
601.086,101.871,350.002
599.166,225.64,99.3976
600.3,226.255,224.391
601.435,226.869,349.384
599.514,350.638,98.7796
600.649,351.253,223.773
601.784,351.867,348.766
723.811,100.288,98.8826
724.946,100.902,223.876
726.08,101.517,348.869
724.16,225.286,98.2647
725.295,225.9,223.258
726.429,226.515,348.251
724.509,350.284,97.6467
725.643,350.898,222.64
726.778,351.513,347.633
475.808,99.6742,224.666
472.931,101.972,349.611
470.055,104.269,474.557
478.654,224.622,222.434
475.778,226.919,347.379
472.901,229.217,472.325
481.501,349.57,220.202
478.624,351.867,345.147
475.748,354.164,470.093
600.742,96.8805,227.593
597.866,99.178,352.539
594.99,101.475,477.485
603.589,221.828,225.361
600.712,224.126,350.307
597.836,226.423,475.253
606.435,346.776,223.129
603.559,349.073,348.075
600.682,351.371,473.021
725.677,94.0868,230.521
722.8,96.3842,355.466
719.924,98.6817,480.412
728.523,219.034,228.289
725.647,221.332,353.234
722.77,223.629,478.18
731.37,343.982,226.057
728.493,346.28,351.002
725.617,348.577,475.948
476.493,98.4064,351.325
476.881,98.9475,476.323
477.268,99.4886,601.322
473.424,223.368,350.794
473.812,223.909,475.792
474.199,224.45,600.79
470.355,348.329,350.262
470.742,348.87,475.261
471.13,349.411,600.259
601.455,101.474,350.924
601.842,102.015,475.923
602.23,102.556,600.921
598.386,226.435,350.393
598.773,226.976,475.391
599.161,227.517,600.389
595.317,351.396,349.862
595.704,351.937,474.86
596.092,352.478,599.858
726.416,104.541,350.524
726.804,105.082,475.522
727.192,105.623,600.52
723.347,229.502,349.992
723.735,230.043,474.99
724.123,230.585,599.989
720.278,354.464,349.461
720.666,355.005,474.459
721.053,355.546,599.457
475.55,100.5,473.932
473.624,98.6887,598.904
471.697,96.8771,723.876
477.469,225.472,475.773
475.543,223.66,600.745
473.617,221.849,725.717
479.389,350.444,477.614
477.462,348.632,602.586
475.536,346.821,727.558
600.52,98.5529,475.83
598.594,96.7414,600.802
596.668,94.9298,725.774
602.44,223.525,477.671
600.513,221.713,602.643
598.587,219.902,727.615
604.359,348.496,479.512
602.433,346.685,604.484
600.506,344.873,729.456
725.491,96.6056,477.728
723.564,94.7941,602.7
721.638,92.9825,727.672
727.41,221.577,479.569
725.484,219.766,604.541
723.558,217.954,729.513
729.329,346.549,481.41
727.403,344.737,606.382
725.477,342.926,731.354
476.51,99.7514,598.305
477.729,100.06,723.298
478.949,100.369,848.292
478.17,224.74,597.98
479.389,225.049,722.974
480.608,225.357,847.967
479.829,349.729,597.655
481.048,350.037,722.649
482.268,350.346,847.643
601.493,98.0887,597.09
602.712,98.3973,722.083
603.932,98.7059,847.077
603.153,223.077,596.765
604.372,223.386,721.759
605.591,223.694,846.752
604.812,348.066,596.44
606.031,348.374,721.434
607.251,348.683,846.428
726.476,96.426,595.875
727.695,96.7346,720.868
728.915,97.0432,845.862
728.136,221.415,595.55
729.355,221.723,720.544
730.574,222.032,845.537
729.795,346.403,595.225
731.015,346.712,720.219
732.234,347.02,845.212
474.577,226.29,99.9195
477.062,228.092,224.882
479.547,229.895,349.844
473.907,351.275,98.1301
476.392,353.078,223.092
478.877,354.88,348.055
473.237,476.261,96.3406
475.722,478.063,221.303
478.208,479.866,346.265
599.55,226.924,97.425
602.035,228.726,222.387
604.521,230.529,347.35
598.88,351.909,95.6355
601.366,353.712,220.598
603.851,355.514,345.56
598.211,476.895,93.846
600.696,478.697,218.808
603.181,480.5,343.771
724.524,227.558,94.9304
727.009,229.36,219.893
729.494,231.163,344.855
723.854,352.543,93.1409
726.339,354.346,218.103
728.824,356.148,343.066
723.184,477.529,91.3515
725.669,479.331,216.314
728.155,481.134,341.276
473.987,223.938,225.319
472.827,223.28,350.312
471.668,222.622,475.305
476.449,348.911,225.999
475.289,348.254,350.992
474.13,347.596,475.985
478.911,473.885,226.68
477.752,473.228,351.672
476.592,472.57,476.665
598.957,221.469,226.465
597.798,220.812,351.458
596.638,220.154,476.451
601.419,346.443,227.146
600.26,345.786,352.139
599.1,345.128,477.131
603.882,471.417,227.826
602.722,470.759,352.819
601.562,470.102,477.812
723.928,219.001,227.612
722.768,218.343,352.605
721.608,217.686,477.597
726.39,343.975,228.292
725.23,343.317,353.285
724.071,342.66,478.278
728.852,468.949,228.972
727.692,468.291,353.965
726.533,467.634,478.958
473.808,223.135,350.762
477.276,224.318,475.709
480.744,225.501,600.655
475.146,348.122,349.542
478.614,349.305,474.488
482.082,350.488,599.434
476.484,473.109,348.321
479.952,474.292,473.268
483.42,475.475,598.214
598.753,221.764,347.307
602.221,222.947,472.253
605.689,224.13,597.2
600.091,346.751,346.087
603.559,347.934,471.033
607.027,349.117,595.979
601.429,471.738,344.866
604.897,472.921,469.813
608.365,474.104,594.759
723.697,220.393,343.852
727.165,221.576,468.798
730.634,222.759,593.744
725.035,345.38,342.631
728.503,346.563,467.578
731.972,347.745,592.524
726.373,470.367,341.411
729.842,471.549,466.357
733.31,472.732,591.304
473.794,224.954,475.773
473.904,227.745,600.742
474.015,230.535,725.71
473.628,349.923,472.983
473.738,352.713,597.952
473.849,355.504,722.92
473.462,474.892,470.193
473.573,477.682,595.161
473.683,480.472,720.13
598.794,225.118,475.659
598.904,227.908,600.628
599.015,230.698,725.596
598.628,350.087,472.869
598.738,352.877,597.838
598.849,355.667,722.806
598.462,475.055,470.079
598.572,477.846,595.048
598.683,480.636,720.016
723.794,225.281,475.545
723.904,228.071,600.514
724.014,230.862,725.482
723.628,350.25,472.755
723.738,353.04,597.724
723.848,355.83,722.692
723.462,475.219,469.965
723.572,478.009,594.934
723.683,480.799,719.902
475.597,224.362,598.984
472.598,221.899,723.924
469.6,219.437,848.864
479.214,349.283,601.533
476.216,346.821,726.473
473.218,344.359,851.412
482.832,474.205,604.082
479.834,471.743,729.021
476.836,469.28,853.961
600.508,220.684,601.909
597.51,218.222,726.849
594.512,215.76,851.788
604.126,345.606,604.458
601.128,343.144,729.398
598.13,340.681,854.337
607.744,470.528,607.007
604.746,468.065,731.946
601.748,465.603,856.886
725.42,217.007,604.834
722.422,214.545,729.774
719.424,212.082,854.713
729.038,341.929,607.383
726.04,339.466,732.322
723.042,337.004,857.262
732.656,466.85,609.932
729.658,464.388,734.871
726.66,461.926,859.811
473.857,351.376,98.5158
471.113,352.73,223.478
468.37,354.084,348.441
474.461,476.367,97.1749
471.717,477.721,222.137
468.973,479.075,347.1
475.064,601.359,95.834
472.321,602.712,220.797
469.577,604.066,345.759
598.825,350.802,101.266
596.082,352.156,226.228
593.338,353.509,351.191
599.429,475.793,99.9249
596.685,477.147,224.887
593.942,478.501,349.85
600.033,600.784,98.584
597.289,602.138,223.547
594.546,603.492,348.509
723.794,350.228,104.016
721.05,351.581,228.978
718.307,352.935,353.941
724.398,475.219,102.675
721.654,476.573,227.637
718.91,477.927,352.6
725.001,600.21,101.334
722.258,601.564,226.297
719.514,602.918,351.259
476.509,350.356,224.527
474.542,352.898,349.486
472.575,355.44,474.444
475.726,475.328,221.973
473.759,477.869,346.931
471.792,480.411,471.89
474.943,600.299,219.418
472.976,602.841,344.377
471.009,605.383,469.336
601.491,351.179,226.478
599.524,353.721,351.436
597.557,356.263,476.395
600.708,476.151,223.923
598.741,478.692,348.882
596.774,481.234,473.841
599.925,601.122,221.369
597.958,603.664,346.328
595.991,606.206,471.286
726.473,352.002,228.428
724.506,354.544,353.387
722.539,357.086,478.346
725.69,476.974,225.874
723.723,479.515,350.833
721.756,482.057,475.791
724.907,601.945,223.319
722.94,604.487,348.278
720.973,607.029,473.237
474.147,350.369,350.581
471.844,349.849,475.559
469.542,349.33,600.537
473.741,475.367,351.093
471.438,474.847,476.071
469.135,474.328,601.049
473.335,600.365,351.606
471.032,599.846,476.583
468.729,599.326,601.561
599.125,350.765,352.886
596.823,350.246,477.863
594.52,349.726,602.841
598.719,475.764,353.398
596.416,475.244,478.376
594.114,474.725,603.353
598.313,600.762,353.91
596.01,600.243,478.888
593.707,599.723,603.865
724.103,351.162,355.19
721.801,350.643,480.168
719.498,350.123,605.146
723.697,476.161,355.702
721.394,475.641,480.68
719.092,475.122,605.658
723.291,601.159,356.214
720.988,600.639,481.192
718.685,600.12,606.17
475.617,350.007,476.368
479.278,350.86,601.312
482.938,351.713,726.255
475.186,475.003,475.527
478.847,475.857,600.471
482.507,476.71,725.414
474.756,600,474.686
478.416,600.853,599.63
482.076,601.706,724.573
600.563,350.413,472.705
604.223,351.266,597.649
607.884,352.119,722.592
600.132,475.409,471.864
603.792,476.262,596.808
607.453,477.116,721.751
599.701,600.405,471.023
603.362,601.259,595.967
607.022,602.112,720.91
725.508,350.818,469.042
729.169,351.672,593.986
732.829,352.525,718.929
725.078,475.815,468.201
728.738,476.668,593.144
732.398,477.522,718.088
724.647,600.811,467.36
728.307,601.665,592.303
731.968,602.518,717.247
474.818,350.263,599.618
471.143,346.998,724.521
467.468,343.733,849.425
478.45,475.165,602.99
474.775,471.9,727.893
471.1,468.634,852.796
482.081,600.066,606.362
478.406,596.801,731.265
474.731,593.536,856.168
599.711,346.535,603.195
596.036,343.27,728.098
592.361,340.005,853.002
603.343,471.437,606.567
599.668,468.172,731.47
595.993,464.907,856.374
606.974,596.338,609.939
603.3,593.073,734.842
599.625,589.808,859.745
724.604,342.807,606.772
720.93,339.542,731.676
717.255,336.277,856.579
728.236,467.709,610.144
724.561,464.444,735.048
720.886,461.179,859.951
731.868,592.61,613.516
728.193,589.345,738.419
724.518,586.08,863.323
475.351,475.925,98.5346
476.18,477.852,223.517
477.008,479.779,348.499
473.33,600.894,96.6211
474.159,602.821,221.604
474.987,604.748,346.586
471.31,725.863,94.7076
472.138,727.79,219.69
472.967,729.717,344.672
600.332,477.933,97.6752
601.161,479.86,222.658
601.989,481.787,347.64
598.311,602.902,95.7618
599.14,604.829,220.744
599.968,606.756,345.727
596.291,727.871,93.8483
597.119,729.798,218.831
597.947,731.725,343.813
725.313,479.94,96.8159
726.141,481.867,221.798
726.97,483.794,346.781
723.292,604.909,94.9024
724.121,606.836,219.885
724.949,608.763,344.867
721.272,729.878,92.9889
722.1,731.805,217.971
722.928,733.733,342.954
476.642,473.926,224.996
477.237,477.597,349.941
477.832,481.269,474.886
475.811,598.869,221.329
476.406,602.541,346.273
477.001,606.212,471.218
474.981,723.813,217.661
475.575,727.484,342.606
476.17,731.156,467.55
601.638,474.739,224.377
602.233,478.411,349.322
602.828,482.082,474.267
600.807,599.682,220.71
601.402,603.354,345.654
601.997,607.026,470.599
599.976,724.626,217.042
600.571,728.297,341.987
601.166,731.969,466.931
726.634,475.552,223.758
727.229,479.224,348.703
727.824,482.895,473.648
725.803,600.495,220.091
726.398,604.167,345.035
726.993,607.839,469.98
724.972,725.439,216.423
725.567,729.11,341.368
726.162,732.782,466.312
475.069,473.909,349.244
474.172,474.473,474.24
473.275,475.036,599.235
471.896,598.867,348.658
471,599.431,473.653
470.103,599.995,598.649
468.724,723.826,348.071
467.828,724.389,473.067
466.931,724.953,598.062
600.025,477.085,350.126
599.129,477.649,475.122
598.232,478.213,600.117
596.853,602.043,349.54
595.956,602.607,474.535
595.06,603.171,599.531
593.681,727.002,348.953
592.784,727.566,473.949
591.888,728.129,598.944
724.982,480.261,351.008
724.085,480.825,476.004
723.189,481.389,600.999
721.81,605.22,350.422
720.913,605.783,475.417
720.016,606.347,600.413
718.637,730.178,349.835
717.741,730.742,474.831
716.844,731.306,599.826
474.956,475.303,476.568
472.254,477.754,601.515
469.552,480.205,726.462
474.826,600.279,474.114
472.124,602.73,599.061
469.422,605.181,724.008
474.697,725.255,471.66
471.995,727.706,596.607
469.293,730.157,721.553
599.927,475.486,479.267
597.225,477.937,604.214
594.523,480.388,729.161
599.797,600.462,476.813
597.095,602.913,601.76
594.393,605.364,726.707
599.667,725.438,474.359
596.965,727.889,599.306
594.263,730.34,724.252
724.897,475.669,481.966
722.195,478.12,606.913
719.494,480.571,731.86
724.768,600.645,479.512
722.066,603.096,604.459
719.364,605.547,729.405
724.638,725.62,477.058
721.936,728.071,602.004
719.234,730.522,726.951
474.135,473.752,598.311
472.156,470.088,723.242
470.178,466.423,848.172
471.445,598.671,601.933
469.466,595.006,726.863
467.488,591.342,851.794
468.755,723.59,605.554
466.777,719.925,730.485
464.798,716.261,855.415
599.09,476.383,600.367
597.112,472.719,725.298
595.133,469.054,850.228
596.4,601.302,603.988
594.422,597.638,728.919
592.444,593.973,853.85
593.71,726.221,607.61
591.732,722.556,732.541
589.754,718.892,857.471
724.045,479.014,602.423
722.067,475.35,727.353
720.089,471.686,852.284
721.356,603.933,606.044
719.377,600.269,730.975
717.399,596.604,855.906
718.666,728.852,609.666
716.687,725.187,734.597
714.709,721.523,859.527
476.727,598.914,100.722
475.116,597.733,225.706
473.505,596.552,350.69
480.226,723.86,101.948
478.615,722.678,226.932
477.004,721.497,351.916
483.725,848.805,103.174
482.114,847.623,228.158
480.503,846.442,353.142
601.668,595.4,102.299
600.057,594.219,227.283
598.446,593.038,352.267
605.167,720.345,103.525
603.556,719.164,228.509
601.944,717.983,353.493
608.666,845.29,104.751
607.054,844.109,229.735
605.443,842.928,354.719
726.608,591.886,103.877
724.997,590.705,228.861
723.386,589.523,353.845
730.107,716.831,105.103
728.496,715.65,230.087
726.885,714.468,355.071
733.606,841.776,106.329
731.995,840.595,231.313
730.384,839.413,356.297
474.078,599.014,224.181
477.267,597.438,349.13
480.455,595.862,474.079
473.337,724.002,225.776
476.525,722.426,350.725
479.713,720.85,475.675
472.595,848.989,227.372
475.784,847.413,352.321
478.972,845.837,477.27
599.036,599.796,221.002
602.224,598.22,345.951
605.412,596.644,470.901
598.294,724.784,222.598
601.482,723.208,347.547
604.67,721.632,472.496
597.553,849.771,224.193
600.741,848.195,349.142
603.929,846.619,474.092
723.993,600.578,217.824
727.181,599.002,342.773
730.369,597.426,467.722
723.251,725.566,219.419
726.439,723.989,344.368
729.627,722.413,469.318
722.51,850.553,221.015
725.698,848.977,345.964
728.886,847.401,470.913
473.838,599.389,350.955
470.408,600.547,475.903
466.978,601.705,600.85
472.115,724.371,349.749
468.685,725.529,474.697
465.255,726.687,599.644
470.391,849.353,348.543
466.961,850.511,473.491
463.531,851.67,598.438
598.779,601.145,354.369
595.349,602.303,479.316
591.919,603.461,604.264
597.056,726.127,353.163
593.626,727.285,478.11
590.196,728.443,603.058
595.332,851.109,351.957
591.902,852.267,476.904
588.472,853.426,601.852
723.72,602.901,357.782
720.29,604.059,482.73
716.86,605.217,607.677
721.997,727.883,356.576
718.567,729.041,481.524
715.137,730.2,606.471
720.273,852.865,355.37
716.843,854.024,480.318
713.413,855.182,605.266
476.163,600.737,476.411
477.358,597.113,601.353
478.554,593.49,726.295
473.023,725.645,480.064
474.219,722.021,605.006
475.415,718.397,729.947
469.883,850.552,483.717
471.079,846.928,608.659
472.275,843.304,733.6
601.117,603.91,475.307
602.313,600.286,600.249
603.509,596.663,725.19
597.978,728.818,478.96
599.174,725.194,603.902
600.37,721.57,728.843
594.838,853.725,482.613
596.034,850.101,607.555
597.23,846.477,732.496
726.072,607.083,474.203
727.268,603.459,599.145
728.464,599.836,724.086
722.933,731.991,477.856
724.129,728.367,602.798
725.325,724.743,727.739
719.793,856.898,481.509
720.989,853.274,606.451
722.185,849.65,731.392
473.686,599.375,599.063
474.795,602.064,724.029
475.904,604.753,848.995
471.058,724.319,596.397
472.166,727.008,721.364
473.275,729.697,846.33
468.429,849.263,593.732
469.537,851.952,718.698
470.646,854.641,843.665
598.654,601.98,597.898
599.762,604.669,722.864
600.871,607.358,847.83
596.025,726.924,595.233
597.134,729.613,720.199
598.242,732.302,845.165
593.396,851.868,592.568
594.505,854.557,717.534
595.613,857.246,842.5
723.621,604.584,596.733
724.73,607.273,721.699
725.838,609.962,846.666
720.992,729.528,594.068
722.101,732.217,719.034
723.21,734.906,844
718.364,854.472,591.403
719.472,857.161,716.369
720.581,859.85,841.335
601.164,100.018,99.4724
600.113,98.4707,224.458
599.062,96.9235,349.444
597.975,224.968,100.992
596.924,223.421,225.978
595.873,221.874,350.964
594.785,349.918,102.512
593.734,348.371,227.498
592.683,346.824,352.484
726.119,103.194,100.562
725.068,101.647,225.548
724.017,100.1,350.534
722.929,228.145,102.082
721.878,226.597,227.068
720.827,225.05,352.054
719.74,353.095,103.602
718.689,351.547,228.588
717.638,350,353.574
851.074,106.371,101.652
850.023,104.824,226.638
848.972,103.277,351.624
847.884,231.321,103.172
846.833,229.774,228.158
845.782,228.227,353.144
844.695,356.271,104.692
843.644,354.724,229.678
842.593,353.177,354.664
601.05,101.269,224.288
600.675,98.6307,349.26
600.301,95.9924,474.231
601.158,226.241,226.927
600.783,223.603,351.898
600.409,220.965,476.87
601.266,351.213,229.565
600.891,348.575,354.537
600.517,345.937,479.509
726.049,101.153,224.66
725.675,98.5148,349.632
725.301,95.8765,474.603
726.157,226.125,227.299
725.783,223.487,352.27
725.409,220.849,477.242
726.265,351.097,229.937
725.891,348.459,354.909
725.517,345.821,479.88
851.048,101.037,225.032
850.674,98.3989,350.004
850.3,95.7607,474.975
851.156,226.009,227.671
850.782,223.371,352.642
850.408,220.733,477.614
851.264,350.981,230.309
850.89,348.343,355.281
850.516,345.705,480.252
598.882,98.3291,349.384
602.482,100.282,474.317
606.081,102.236,599.25
597.238,223.304,347.477
600.837,225.257,472.41
604.436,227.21,597.343
595.594,348.278,345.571
599.193,350.232,470.503
602.792,352.185,595.436
723.82,99.9176,345.76
727.419,101.871,470.693
731.018,103.824,595.625
722.176,224.892,343.853
725.775,226.845,468.786
729.374,228.799,593.719
720.531,349.867,341.946
724.13,351.82,466.879
727.73,353.773,591.812
848.757,101.506,342.136
852.356,103.459,467.068
855.955,105.413,592.001
847.113,226.481,340.229
850.712,228.434,465.162
854.311,230.387,590.095
845.469,351.455,338.322
849.068,353.409,463.255
852.667,355.362,588.188
598.721,98.3847,475.675
599.419,99.5129,600.668
600.116,100.641,725.661
597.872,223.377,474.551
598.57,224.505,599.544
599.267,225.633,724.537
597.023,348.369,473.428
597.72,349.497,598.421
598.418,350.625,723.414
723.716,99.2276,474.97
724.414,100.356,599.963
725.112,101.484,724.955
722.867,224.22,473.846
723.565,225.348,598.839
724.262,226.476,723.832
722.018,349.212,472.723
722.715,350.34,597.716
723.413,351.468,722.709
848.711,100.071,474.264
849.409,101.199,599.257
850.107,102.327,724.25
847.862,225.063,473.141
848.56,226.191,598.134
849.258,227.319,723.127
847.013,350.055,472.017
847.711,351.183,597.01
848.408,352.311,722.003
598.834,99.8172,600.461
597.527,97.493,725.433
596.22,95.1688,850.404
600.118,224.789,602.799
598.812,222.465,727.771
597.505,220.14,852.742
601.403,349.76,605.137
600.096,347.436,730.108
598.79,345.112,855.08
723.82,98.5084,601.744
722.514,96.1842,726.715
721.207,93.86,851.687
725.105,223.48,604.081
723.798,221.156,729.053
722.491,218.832,854.025
726.39,348.451,606.419
725.083,346.127,731.391
723.776,343.803,856.362
848.807,97.1996,603.026
847.5,94.8754,727.998
846.193,92.5512,852.969
850.091,222.171,605.364
848.785,219.847,730.336
847.478,217.523,855.307
851.376,347.143,607.702
850.069,344.819,732.673
848.763,342.494,857.645
600.084,223.372,98.9825
599.464,224.949,223.971
598.843,226.525,348.96
601.577,348.354,97.4138
600.957,349.93,222.402
600.337,351.506,347.391
603.071,473.335,95.845
602.451,474.911,220.834
601.83,476.487,345.822
725.073,221.887,99.6215
724.453,223.463,224.61
723.833,225.039,349.599
726.567,346.868,98.0528
725.947,348.444,223.041
725.326,350.02,348.03
728.06,471.849,96.484
727.44,473.425,221.473
726.82,475.002,346.461
850.063,220.401,100.261
849.443,221.977,225.249
848.822,223.554,350.238
851.556,345.382,98.6918
850.936,346.959,223.68
850.316,348.535,348.669
853.05,470.363,97.1231
852.43,471.94,222.112
851.809,473.516,347.1
600.288,226.614,224.938
602.943,227.621,349.906
605.598,228.628,474.874
597.617,351.582,223.988
600.272,352.589,348.955
602.927,353.596,473.923
594.947,476.549,223.037
597.602,477.557,348.005
600.257,478.564,472.972
725.231,229.263,222.262
727.886,230.271,347.23
730.541,231.278,472.198
722.561,354.231,221.312
725.216,355.238,346.279
727.871,356.246,471.247
719.89,479.199,220.361
722.545,480.206,345.329
725.2,481.213,470.297
850.174,231.913,219.586
852.829,232.92,344.554
855.484,233.927,469.522
847.504,356.881,218.636
850.159,357.888,343.604
852.814,358.895,468.571
844.834,481.848,217.685
847.489,482.856,342.653
850.144,483.863,467.621
598.907,223.459,349.527
599.642,224.498,474.521
600.378,225.536,599.514
601.384,348.43,348.475
602.12,349.469,473.468
602.856,350.507,598.462
603.862,473.401,347.422
604.598,474.44,472.415
605.333,475.478,597.409
723.88,220.976,348.812
724.616,222.014,473.806
725.351,223.052,598.799
726.358,345.947,347.76
727.093,346.985,472.753
727.829,348.023,597.747
728.835,470.918,346.707
729.571,471.956,471.7
730.307,472.994,596.694
848.853,218.492,348.097
849.589,219.53,473.091
850.325,220.569,598.085
851.331,343.463,347.045
852.067,344.501,472.038
852.802,345.54,597.032
853.808,468.434,345.992
854.544,469.472,470.985
855.28,470.511,595.979
600.409,224.547,473.492
601.616,224.022,598.485
602.824,223.497,723.478
602.532,349.528,473.996
603.74,349.003,598.989
604.947,348.478,723.982
604.655,474.509,474.5
605.863,473.984,599.493
607.071,473.459,724.487
725.385,222.429,472.275
726.593,221.904,597.268
727.8,221.379,722.261
727.508,347.41,472.78
728.716,346.885,597.773
729.924,346.36,722.766
729.631,472.391,473.284
730.839,471.866,598.277
732.047,471.341,723.27
850.361,220.311,471.059
851.569,219.786,596.052
852.777,219.261,721.045
852.484,345.292,471.563
853.692,344.767,596.556
854.9,344.242,721.549
854.607,470.272,472.067
855.815,469.748,597.06
857.023,469.223,722.054
600.491,224.956,601.31
604.217,222.964,726.238
607.942,220.971,851.167
600.243,349.94,603.311
603.969,347.947,728.239
607.694,345.954,853.168
599.995,474.924,605.312
603.72,472.931,730.241
607.446,470.938,855.169
725.436,225.264,597.589
729.161,223.271,722.517
732.886,221.278,847.446
725.188,350.248,599.59
728.913,348.255,724.519
732.638,346.262,849.447
724.939,475.232,601.591
728.665,473.239,726.52
732.39,471.246,851.448
850.38,225.572,593.868
854.105,223.579,718.797
857.831,221.586,843.725
850.132,350.555,595.869
853.857,348.563,720.798
857.582,346.57,845.726
849.884,475.539,597.87
853.609,473.546,722.799
857.334,471.553,847.727
600.897,351.314,100.228
599.545,352.262,225.217
598.194,353.21,350.206
597.902,476.274,99.2476
596.55,477.222,224.237
595.199,478.17,349.226
594.907,601.234,98.2675
593.556,602.182,223.257
592.204,603.13,348.246
725.853,354.319,101.556
724.502,355.267,226.545
723.151,356.215,351.534
722.858,479.279,100.576
721.507,480.227,225.565
720.156,481.175,350.554
719.864,604.239,99.5955
718.512,605.187,224.585
717.161,606.135,349.574
850.81,357.324,102.884
849.459,358.272,227.873
848.108,359.22,352.862
847.815,482.284,101.904
846.464,483.232,226.893
845.113,484.18,351.882
844.82,607.245,100.924
843.469,608.193,225.913
842.118,609.141,350.902
600.608,351.493,225.343
602.473,354.202,350.299
604.338,356.91,475.256
598.081,476.439,222.673
599.946,479.147,347.629
601.811,481.855,472.586
595.554,601.385,220.002
597.419,604.093,344.959
599.284,606.801,469.916
725.569,353.98,223.424
727.434,356.688,348.38
729.299,359.396,473.337
723.042,478.926,220.754
724.907,481.634,345.71
726.772,484.342,470.667
720.514,603.872,218.083
722.379,606.58,343.04
724.244,609.288,467.997
850.529,356.467,221.505
852.394,359.175,346.461
854.259,361.883,471.418
848.002,481.412,218.835
849.867,484.12,343.791
851.732,486.829,468.748
845.475,606.358,216.164
847.34,609.066,341.121
849.205,611.774,466.078
600.783,348.836,348.539
598.863,346.664,473.506
596.944,344.492,598.472
602.712,473.802,350.741
600.793,471.63,475.707
598.873,469.458,600.674
604.642,598.767,352.942
602.722,596.595,477.909
600.803,594.424,602.875
725.753,346.873,350.425
723.834,344.701,475.391
721.914,342.529,600.358
727.683,471.839,352.626
725.763,469.667,477.593
723.844,467.495,602.559
729.612,596.805,354.828
727.693,594.633,479.794
725.773,592.461,604.761
850.723,344.91,352.31
848.804,342.738,477.277
846.884,340.566,602.243
852.653,469.876,354.512
850.734,467.704,479.478
848.814,465.532,604.445
854.583,594.842,356.713
852.663,592.67,481.68
850.744,590.498,606.646
600.543,351.263,475.25
602.452,349.308,600.22
604.361,347.353,725.19
596.959,476.195,477.259
598.868,474.241,602.229
600.776,472.286,727.199
593.374,601.128,479.268
595.283,599.173,604.238
597.192,597.218,729.208
725.477,354.877,473.398
727.386,352.922,598.368
729.295,350.967,723.339
721.893,479.81,475.407
723.802,477.855,600.377
725.71,475.9,725.348
718.308,604.742,477.416
720.217,602.787,602.387
722.126,600.832,727.357
850.411,358.491,471.547
852.32,356.536,596.517
854.229,354.581,721.487
846.827,483.424,473.556
848.736,481.469,598.526
850.644,479.514,723.496
843.243,608.356,475.565
845.151,606.401,600.535
847.06,604.446,725.505
600.197,350.081,601.6
598.891,350.113,726.593
597.585,350.144,851.586
596.961,475.039,601.534
595.655,475.071,726.527
594.349,475.102,851.52
593.725,599.997,601.469
592.419,600.029,726.462
591.114,600.06,851.455
725.148,353.317,602.904
723.842,353.349,727.897
722.536,353.38,852.89
721.912,478.275,602.838
720.606,478.307,727.832
719.301,478.339,852.825
718.676,603.233,602.773
717.371,603.265,727.766
716.065,603.297,852.759
850.099,356.553,604.208
848.793,356.585,729.202
847.488,356.617,854.195
846.863,481.511,604.143
845.558,481.543,729.136
844.252,481.575,854.129
843.628,606.469,604.077
842.322,606.501,729.071
841.016,606.533,854.064
601.112,475.166,100.73
598.913,473.038,225.693
596.714,470.91,350.655
599.427,600.137,102.828
597.228,598.009,227.791
595.029,595.881,352.753
597.743,725.108,104.927
595.544,722.98,229.889
593.345,720.852,354.852
726.081,476.813,102.957
723.882,474.685,227.92
721.683,472.557,352.882
724.397,601.784,105.055
722.198,599.656,230.018
719.999,597.528,354.981
722.712,726.755,107.154
720.513,724.627,232.116
718.314,722.499,357.079
851.05,478.46,105.184
848.851,476.332,230.147
846.652,474.204,355.109
849.366,603.431,107.283
847.167,601.303,232.245
844.968,599.175,357.208
847.682,728.402,109.381
845.483,726.274,234.343
843.284,724.146,359.306
599.648,476.663,226.471
599.079,480.373,351.415
598.509,484.084,476.359
599.088,601.606,222.758
598.519,605.317,347.702
597.949,609.028,472.645
598.528,726.55,219.045
597.958,730.26,343.989
597.389,733.971,468.932
724.646,477.24,227.024
724.076,480.95,351.968
723.507,484.661,476.911
724.086,602.183,223.311
723.516,605.894,348.254
722.947,609.605,473.198
723.525,727.127,219.598
722.956,730.837,344.541
722.386,734.548,469.485
849.643,477.817,227.577
849.074,481.527,352.52
848.504,485.238,477.464
849.083,602.76,223.864
848.514,606.471,348.807
847.944,610.181,473.751
848.523,727.704,220.15
847.953,731.414,345.094
847.384,735.125,470.037
600.945,476.553,351.641
603.146,477.026,476.621
605.346,477.498,601.6
599.433,601.543,351.195
601.634,602.016,476.174
603.834,602.489,601.154
597.921,726.533,350.748
600.122,727.006,475.728
602.322,727.479,600.708
725.917,478.057,349.435
728.117,478.53,474.415
730.318,479.002,599.394
724.405,603.047,348.989
726.605,603.52,473.968
728.806,603.993,598.948
722.893,728.037,348.542
725.093,728.51,473.522
727.294,728.983,598.502
850.888,479.561,347.229
853.089,480.034,472.209
855.289,480.507,597.188
849.376,604.551,346.783
851.577,605.024,471.762
853.777,605.497,596.742
847.864,729.541,346.336
850.065,730.014,471.316
852.265,730.487,596.296
601.636,474.049,474.956
603.821,474.878,599.934
606.006,475.706,724.912
604.832,599.005,474.072
607.017,599.834,599.05
609.202,600.662,724.028
608.027,723.961,473.188
610.213,724.79,598.166
612.398,725.618,723.144
726.576,470.839,472.792
728.761,471.667,597.77
730.946,472.495,722.749
729.772,595.795,471.908
731.957,596.623,596.886
734.142,597.451,721.865
732.967,720.751,471.024
735.153,721.579,596.002
737.338,722.407,720.981
851.516,467.628,470.629
853.701,468.456,595.607
855.886,469.284,720.585
854.712,592.584,469.745
856.897,593.412,594.723
859.082,594.24,719.701
857.907,717.54,468.861
860.093,718.368,593.839
862.278,719.196,718.817
599.111,474.377,598.019
596.448,477.432,722.953
593.786,480.488,847.887
596.148,599.303,594.9
593.485,602.358,719.834
590.823,605.414,844.769
593.185,724.229,591.782
590.522,727.284,716.716
587.86,730.34,841.65
724.048,477.405,600.607
721.385,480.46,725.542
718.722,483.516,850.476
721.084,602.331,597.489
718.422,605.386,722.423
715.759,608.442,847.357
718.121,727.257,594.37
715.459,730.312,719.304
712.796,733.368,844.239
848.984,480.433,603.196
846.321,483.488,728.13
843.659,486.544,853.064
846.021,605.359,600.077
843.358,608.414,725.012
840.696,611.47,849.946
843.058,730.285,596.959
840.395,733.34,721.893
837.733,736.396,846.827
599.164,598.54,98.2811
596.556,601.617,223.216
593.947,604.693,348.151
601.85,723.475,95.2606
599.242,726.551,220.195
596.633,729.628,345.13
604.536,848.409,92.2401
601.928,851.486,217.175
599.319,854.563,342.11
724.108,595.919,100.954
721.5,598.995,225.889
718.891,602.072,350.824
726.794,720.853,97.9339
724.186,723.93,222.869
721.577,727.006,347.804
729.48,845.788,94.9135
726.871,848.865,219.848
724.263,851.941,344.783
849.052,593.297,103.628
846.444,596.374,228.563
843.835,599.45,353.498
851.738,718.232,100.607
849.129,721.308,225.542
846.521,724.385,350.477
854.424,843.167,97.5868
851.815,846.243,222.522
849.207,849.32,347.457
599.275,600.954,225.755
596.392,598.014,350.687
593.508,595.074,475.619
596.36,725.887,228.627
593.477,722.947,353.56
590.593,720.007,478.492
593.445,850.82,231.5
590.561,847.88,356.432
587.678,844.94,481.364
724.208,603.801,228.705
721.325,600.861,353.638
718.441,597.922,478.57
721.293,728.734,231.578
718.409,725.794,356.51
715.526,722.855,481.442
718.378,853.667,234.45
715.494,850.727,359.383
712.611,847.788,484.315
849.141,606.649,231.656
846.257,603.709,356.588
843.374,600.769,481.52
846.226,731.582,234.528
843.342,728.642,359.461
840.459,725.702,484.393
843.31,856.515,237.401
840.427,853.575,362.333
837.543,850.635,487.265
598.747,601.78,350.316
595.728,605.261,475.231
592.708,608.741,600.146
596.507,726.71,346.781
593.487,730.191,471.696
590.468,733.671,596.611
594.266,851.64,343.246
591.247,855.121,468.161
588.228,858.601,593.076
723.69,604.104,353.271
720.671,607.585,478.186
717.652,611.065,603.101
721.45,729.034,349.736
718.431,732.515,474.651
715.411,735.995,599.566
719.21,853.964,346.201
716.191,857.445,471.116
713.171,860.925,596.031
848.634,606.429,356.226
845.615,609.909,481.141
842.595,613.39,606.056
846.394,731.358,352.691
843.374,734.839,477.606
840.355,738.319,602.521
844.153,856.288,349.156
841.134,859.769,474.071
838.115,863.249,598.986
601.332,601.303,476.994
597.7,598.19,601.902
594.068,595.076,726.811
603.75,726.239,480.178
600.118,723.126,605.087
596.486,720.013,729.995
606.169,851.175,483.362
602.536,848.062,608.271
598.904,844.949,733.179
726.256,598.794,480.564
722.624,595.681,605.472
718.992,592.568,730.381
728.674,723.73,483.748
725.042,720.617,608.657
721.41,717.504,733.565
731.092,848.666,486.932
727.46,845.553,611.841
723.828,842.44,736.749
851.18,596.285,484.134
847.548,593.172,609.042
843.916,590.059,733.951
853.598,721.221,487.318
849.966,718.108,612.227
846.334,714.995,737.135
856.016,846.157,490.502
852.384,843.044,615.411
848.752,839.931,740.319
598.833,598.181,598.571
598.766,594.531,723.518
598.699,590.881,848.465
596.453,723.106,602.22
596.387,719.455,727.166
596.32,715.805,852.113
594.074,848.03,605.868
594.008,844.379,730.815
593.941,840.729,855.762
723.81,600.558,598.707
723.743,596.907,723.654
723.677,593.257,848.601
721.431,725.482,602.356
721.364,721.831,727.303
721.297,718.181,852.249
719.052,850.406,606.004
718.985,846.755,730.951
718.918,843.105,855.898
848.787,602.934,598.844
848.721,599.283,723.79
848.654,595.633,848.737
846.408,727.858,602.492
846.341,724.207,727.439
846.275,720.557,852.385
844.029,852.782,606.141
843.962,849.131,731.087
843.896,845.481,856.034
