27,125,OUTPUT/pa2-unknown-g-output1.txt
197.221,199.873,198.13
330.757,323.735,135.376
98.6645,100.11,99.3331
95.7356,99.5965,224.298
92.8066,99.0835,349.262
95.5738,225.071,99.7736
92.6449,224.558,224.738
89.7159,224.045,349.703
92.4831,350.032,100.214
89.5541,349.519,225.179
86.6252,349.006,350.143
223.592,103.189,102.274
220.663,102.676,227.238
217.734,102.163,352.203
220.501,228.15,102.714
217.572,227.637,227.679
214.643,227.124,352.644
217.411,353.111,103.155
214.482,352.598,228.119
211.553,352.085,353.084
348.519,106.269,105.215
345.59,105.756,230.179
342.662,105.243,355.144
345.429,231.23,105.655
342.5,230.717,230.62
339.571,230.204,355.584
342.338,356.191,106.096
339.409,355.678,231.06
336.48,355.165,356.025
100.131,98.6184,223.691
101.197,98.1976,348.686
102.262,97.7767,473.681
100.352,223.618,224.11
101.417,223.197,349.105
102.483,222.776,474.1
100.572,348.617,224.529
101.638,348.196,349.524
102.704,347.775,474.519
225.126,98.4013,222.625
226.192,97.9805,347.619
227.258,97.5596,472.614
225.347,223.4,223.044
226.413,222.98,348.038
227.478,222.559,473.033
225.567,348.4,223.463
226.633,347.979,348.457
227.699,347.558,473.452
350.121,98.1842,221.558
351.187,97.7634,346.553
352.253,97.3425,471.548
350.342,223.183,221.977
351.408,222.762,346.972
352.474,222.342,471.967
350.563,348.182,222.396
351.629,347.762,347.391
352.694,347.341,472.386
101.762,100.464,351.914
101.942,101.81,476.906
102.121,103.155,601.899
101.538,225.457,350.568
101.718,226.802,475.561
101.898,228.148,600.554
101.315,350.449,349.223
101.494,351.795,474.216
101.674,353.14,599.208
226.762,100.686,351.732
226.941,102.031,476.724
227.121,103.377,601.717
226.538,225.678,350.386
226.718,227.024,475.379
226.898,228.37,600.371
226.314,350.671,349.041
226.494,352.016,474.033
226.674,353.362,599.026
351.761,100.907,351.549
351.941,102.253,476.542
352.121,103.599,601.535
351.538,225.9,350.204
351.717,227.246,475.197
351.897,228.591,600.189
351.314,350.892,348.859
351.494,352.238,473.851
351.674,353.584,598.844
100.018,98.5663,474.356
102.264,98.8211,599.336
104.511,99.0759,724.315
101.765,223.554,474.07
104.012,223.809,599.049
106.259,224.063,724.029
103.513,348.541,473.784
105.76,348.796,598.763
108.006,349.051,723.743
224.985,96.8138,472.113
227.232,97.0686,597.093
229.479,97.3234,722.072
226.733,221.801,471.827
228.98,222.056,596.806
231.226,222.311,721.786
228.48,346.789,471.541
230.727,347.044,596.52
232.974,347.298,721.5
349.953,95.0613,469.87
352.199,95.3161,594.85
354.446,95.5709,719.829
351.7,220.049,469.584
353.947,220.304,594.564
356.194,220.558,719.543
353.448,345.036,469.298
355.695,345.291,594.277
357.941,345.546,719.257
98.2199,99.1935,598.109
100.479,97.1841,723.072
102.738,95.1746,848.035
100.482,224.158,600.077
102.741,222.148,725.041
105.001,220.139,850.004
102.745,349.122,602.046
105.004,347.112,727.009
107.263,345.103,851.973
223.179,96.9674,595.814
225.438,94.958,720.777
227.697,92.9485,845.741
225.441,221.931,597.782
227.701,219.922,722.746
229.96,217.913,847.709
227.704,346.895,599.751
229.963,344.886,724.714
232.222,342.877,849.678
348.138,94.7413,593.519
350.397,92.7319,718.482
352.656,90.7224,843.446
350.4,219.705,595.487
352.66,217.696,720.451
354.919,215.686,845.414
352.663,344.669,597.456
354.922,342.66,722.419
357.181,340.65,847.383
99.7083,226.163,98.3571
99.4297,228.205,223.34
99.1511,230.246,348.323
99.229,351.146,96.3148
98.9504,353.187,221.298
98.6718,355.228,346.281
98.7498,476.128,94.2725
98.4712,478.169,219.256
98.1926,480.211,344.239
224.707,226.647,98.6278
224.428,228.688,223.611
224.15,230.73,348.594
224.228,351.63,96.5855
223.949,353.671,221.569
223.671,355.712,346.552
223.749,476.612,94.5433
223.47,478.653,219.526
223.191,480.694,344.509
349.706,227.131,98.8985
349.427,229.172,223.882
349.149,231.213,348.865
349.227,352.113,96.8563
348.948,354.154,221.839
348.669,356.196,346.822
348.747,477.096,94.814
348.469,479.137,219.797
348.19,481.178,344.78
99.5928,225.954,225.547
96.2596,227.888,350.487
92.9264,229.822,475.428
99.7122,350.939,223.615
96.3789,352.873,348.556
93.0457,354.807,473.497
99.8315,475.924,221.684
96.4983,477.858,346.625
93.165,479.792,471.565
224.548,225.886,228.882
221.215,227.82,353.822
217.882,229.754,478.763
224.668,350.871,226.95
221.334,352.805,351.891
218.001,354.739,476.831
224.787,475.856,225.019
221.454,477.79,349.959
218.121,479.724,474.9
349.504,225.818,232.216
346.171,227.752,357.157
342.837,229.686,482.097
349.623,350.803,230.285
346.29,352.737,355.225
342.957,354.671,480.166
349.743,475.788,228.353
346.409,477.722,353.294
343.076,479.656,478.235
100.37,226.582,348.731
97.6993,223.998,473.676
95.029,221.414,598.621
102.355,351.538,351.358
99.6842,348.954,476.303
97.0138,346.37,601.247
104.339,476.495,353.985
101.669,473.911,478.929
98.9987,471.327,603.874
225.325,224.542,351.359
222.655,221.958,476.304
219.985,219.374,601.249
227.31,349.498,353.986
224.64,346.914,478.931
221.97,344.33,603.876
229.295,474.455,356.613
226.625,471.871,481.558
223.954,469.287,606.503
350.281,222.502,353.988
347.611,219.918,478.933
344.94,217.333,603.877
352.266,347.458,356.615
349.596,344.874,481.559
346.925,342.29,606.504
354.251,472.415,359.241
351.58,469.831,484.186
348.91,467.247,609.131
101.25,226.928,475.106
101.966,224.231,600.075
102.681,221.535,725.044
103.257,351.883,477.791
103.973,349.186,602.76
104.689,346.49,727.729
105.265,476.838,480.476
105.981,474.141,605.445
106.696,471.445,730.414
226.232,224.937,474.347
226.948,222.24,599.316
227.663,219.543,724.285
228.239,349.892,477.032
228.955,347.195,602.001
229.671,344.498,726.97
230.247,474.847,479.717
230.962,472.15,604.686
231.678,469.453,729.655
351.214,222.945,473.589
351.929,220.248,598.557
352.645,217.552,723.526
353.221,347.9,476.274
353.937,345.203,601.243
354.652,342.507,726.211
355.229,472.855,478.959
355.944,470.158,603.928
356.66,467.462,728.896
100.293,225.257,599.432
99.4713,227.734,724.405
98.6494,230.211,849.378
102.342,350.216,596.969
101.52,352.693,721.942
100.699,355.17,846.915
104.391,475.175,594.506
103.57,477.652,719.479
102.748,480.129,844.451
225.274,223.225,600.295
224.452,225.702,725.267
223.63,228.179,850.24
227.323,348.184,597.831
226.501,350.661,722.804
225.679,353.138,847.777
229.372,473.143,595.368
228.55,475.62,720.341
227.728,478.097,845.313
350.254,221.192,601.157
349.432,223.669,726.129
348.61,226.146,851.102
352.303,346.151,598.693
351.481,348.628,723.666
350.66,351.105,848.639
354.352,471.11,596.23
353.531,473.587,721.203
352.709,476.064,846.176
101.233,349.572,100.275
102.2,347.161,225.248
103.166,344.75,350.221
97.7153,474.499,102.712
98.6816,472.088,227.685
99.6479,469.677,352.658
94.1974,599.426,105.15
95.1637,597.015,230.123
96.13,594.603,355.096
226.18,353.108,99.3768
227.146,350.697,224.35
228.113,348.286,349.323
222.662,478.035,101.814
223.628,475.624,226.787
224.595,473.213,351.76
219.144,602.962,104.252
220.11,600.551,229.225
221.077,598.139,354.198
351.127,356.644,98.4789
352.093,354.233,223.452
353.059,351.822,348.425
347.609,481.571,100.917
348.575,479.16,225.89
349.541,476.749,350.863
344.091,606.498,103.354
345.057,604.087,228.327
346.024,601.675,353.3
100.884,349.357,225.733
101.021,353.022,350.679
101.157,356.688,475.625
99.513,474.296,222.069
99.6493,477.961,347.015
99.7857,481.626,471.962
98.1417,599.234,218.406
98.278,602.9,343.352
98.4143,606.565,468.298
225.877,350.724,225.556
226.013,354.389,350.503
226.149,358.054,475.449
224.505,475.662,221.893
224.642,479.328,346.839
224.778,482.993,471.785
223.134,600.601,218.229
223.27,604.267,343.175
223.407,607.932,468.121
350.869,352.09,225.38
351.005,355.756,350.326
351.142,359.421,475.272
349.498,477.029,221.716
349.634,480.695,346.662
349.77,484.36,471.609
348.126,601.968,218.053
348.263,605.633,342.999
348.399,609.299,467.945
101.071,350.251,349.504
101.926,347.321,474.467
102.781,344.391,599.43
103.259,475.197,352.419
104.114,472.268,477.381
104.969,469.338,602.344
105.447,600.144,355.333
106.302,597.215,480.296
107.157,594.285,605.258
226.049,348.083,348.599
226.904,345.154,473.561
227.759,342.224,598.524
228.237,473.03,351.513
229.092,470.101,476.476
229.947,467.171,601.438
230.425,597.977,354.427
231.28,595.047,479.39
232.134,592.118,604.353
351.027,345.916,347.693
351.882,342.986,472.656
352.737,340.057,597.618
353.215,470.863,350.607
354.07,467.933,475.57
354.925,465.004,600.533
355.403,595.81,353.522
356.258,592.88,478.484
357.112,589.95,603.447
99.3471,351.213,475.319
96.6921,349.797,600.283
94.037,348.382,725.246
97.666,476.194,476.699
95.011,474.778,601.663
92.3559,473.363,726.626
95.9849,601.175,478.079
93.3298,599.76,603.043
90.6748,598.344,728.006
224.308,352.864,477.992
221.653,351.449,602.956
218.998,350.033,727.92
222.626,477.845,479.372
219.971,476.43,604.336
217.316,475.014,729.3
220.945,602.826,480.752
218.29,601.411,605.716
215.635,599.995,730.68
349.268,354.516,480.666
346.613,353.1,605.63
343.958,351.684,730.594
347.587,479.497,482.046
344.932,478.081,607.01
342.277,476.666,731.974
345.906,604.478,483.426
343.251,603.062,608.39
340.596,601.647,733.354
99.3514,350.362,599.056
99.6946,347.885,724.031
100.038,345.408,849.006
96.2101,475.298,601.541
96.5533,472.821,726.516
96.8965,470.344,851.491
93.0689,600.234,604.025
93.4121,597.757,729
93.7552,595.28,853.975
224.311,353.509,598.775
224.655,351.033,723.75
224.998,348.556,848.725
221.17,478.445,601.26
221.513,475.968,726.235
221.857,473.492,851.21
218.029,603.381,603.745
218.372,600.904,728.72
218.715,598.427,853.695
349.271,356.657,598.494
349.615,354.18,723.469
349.958,351.703,848.444
346.13,481.593,600.979
346.473,479.116,725.954
346.817,476.639,850.929
342.989,606.528,603.464
343.332,604.052,728.439
343.675,601.575,853.414
99.1273,473.169,99.6455
95.6042,472.908,224.596
92.0811,472.646,349.546
97.0801,598.152,99.8494
93.557,597.891,224.799
90.0339,597.629,349.749
95.033,723.135,100.053
91.5099,722.874,225.003
87.9868,722.612,349.953
224.061,475.21,103.172
220.538,474.948,228.122
217.015,474.687,353.073
222.014,600.193,103.376
218.491,599.931,228.326
214.967,599.67,353.276
219.967,725.176,103.58
216.443,724.915,228.53
212.92,724.653,353.48
348.994,477.25,106.699
345.471,476.989,231.649
341.948,476.727,356.599
346.947,602.234,106.903
343.424,601.972,231.853
339.901,601.71,356.803
344.9,727.217,107.107
341.377,726.955,232.057
337.854,726.694,357.007
101.561,476.159,223.413
101.923,475.349,348.41
102.286,474.539,473.407
104.497,601.122,224.214
104.86,600.312,349.211
105.223,599.502,474.208
107.433,726.085,225.016
107.796,725.275,350.012
108.159,724.465,475.009
226.526,473.225,223.031
226.888,472.415,348.028
227.251,471.605,473.025
229.462,598.188,223.833
229.825,597.378,348.829
230.188,596.568,473.826
232.398,723.151,224.634
232.761,722.341,349.631
233.124,721.531,474.628
351.491,470.291,222.65
351.853,469.481,347.646
352.216,468.671,472.643
354.427,595.254,223.451
354.79,594.444,348.448
355.153,593.634,473.445
357.363,720.217,224.252
357.726,719.407,349.249
358.089,718.597,474.246
101.778,474.812,348.737
101.779,472.372,473.713
101.78,469.933,598.69
98.4631,599.744,351.176
98.4637,597.305,476.152
98.4642,594.865,601.128
95.1478,724.677,353.615
95.1484,722.237,478.591
95.1489,719.797,603.567
226.734,478.127,348.801
226.735,475.687,473.777
226.736,473.247,598.754
223.419,603.059,351.24
223.42,600.619,476.216
223.42,598.18,601.192
220.104,727.991,353.679
220.104,725.552,478.655
220.105,723.112,603.631
351.69,481.441,348.865
351.691,479.002,473.842
351.692,476.562,598.818
348.375,606.374,351.304
348.376,603.934,476.28
348.376,601.494,601.257
345.06,731.306,353.743
345.06,728.866,478.719
345.061,726.427,603.695
99.8598,476.544,475.065
102.551,474.98,600.026
105.242,473.417,724.988
101.876,601.518,476.585
104.567,599.955,601.546
107.258,598.392,726.508
103.892,726.493,478.105
106.583,724.929,603.066
109.274,723.366,728.027
224.815,474.561,472.35
227.506,472.997,597.311
230.196,471.434,722.272
226.831,599.535,473.869
229.522,597.972,598.831
232.213,596.409,723.792
228.847,724.51,475.389
231.538,722.946,600.351
234.229,721.383,725.312
349.769,472.578,469.634
352.46,471.015,594.595
355.151,469.451,719.556
351.786,597.552,471.154
354.477,595.989,596.115
357.168,594.426,721.076
353.802,722.527,472.674
356.493,720.964,597.635
359.184,719.4,722.596
99.9343,476.635,600.697
103.045,474.613,725.642
106.155,472.592,850.587
101.446,601.61,602.681
104.557,599.588,727.626
107.667,597.567,852.571
102.958,726.585,604.665
106.069,724.563,729.61
109.179,722.542,854.555
224.886,475.173,597.562
227.997,473.151,722.507
231.107,471.13,847.452
226.398,600.148,599.547
229.509,598.126,724.492
232.619,596.105,849.436
227.91,725.123,601.531
231.021,723.102,726.476
234.131,721.08,851.421
349.839,473.711,594.428
352.949,471.689,719.373
356.06,469.668,844.318
351.35,598.686,596.412
354.461,596.665,721.357
357.571,594.643,846.302
352.862,723.661,598.396
355.973,721.64,723.341
359.083,719.618,848.286
99.9871,601.222,99.7819
103.375,599.504,224.724
106.764,597.786,349.666
101.079,726.205,101.471
104.467,724.488,226.413
107.855,722.77,351.355
102.17,851.189,103.159
105.558,849.472,228.101
108.947,847.754,353.044
224.936,600.176,96.379
228.325,598.459,221.321
231.713,596.741,346.264
226.028,725.16,98.0676
229.416,723.443,223.01
232.805,721.725,347.952
227.119,850.144,99.7562
230.508,848.426,224.698
233.896,846.709,349.641
349.886,599.131,92.9761
353.274,597.414,217.918
356.662,595.696,342.861
350.977,724.115,94.6647
354.365,722.397,219.607
357.754,720.68,344.549
352.069,849.099,96.3533
355.457,847.381,221.296
358.845,845.664,346.238
99.5398,601.544,224.1
102.655,601.399,349.061
105.77,601.254,474.022
97.3937,726.526,224.299
100.509,726.381,349.26
103.624,726.236,474.221
95.2475,851.507,224.497
98.3625,851.362,349.458
101.477,851.217,474.419
224.483,603.695,220.988
227.598,603.55,345.949
230.713,603.405,470.91
222.336,728.676,221.187
225.451,728.531,346.148
228.566,728.386,471.109
220.19,853.658,221.385
223.305,853.512,346.346
226.42,853.367,471.307
349.425,605.845,217.876
352.54,605.7,342.837
355.655,605.555,467.798
347.279,730.827,218.075
350.394,730.682,343.036
353.509,730.536,467.997
345.133,855.808,218.273
348.248,855.663,343.234
351.363,855.518,468.195
100.618,600.465,349.391
100.954,596.9,474.339
101.289,593.335,599.288
103.265,725.387,352.948
103.601,721.821,477.897
103.936,718.256,602.845
105.912,850.308,356.505
106.248,846.743,481.454
106.583,843.178,606.403
225.59,597.829,348.98
225.925,594.264,473.929
226.261,590.699,598.877
228.237,722.75,352.537
228.572,719.185,477.486
228.907,715.62,602.435
230.884,847.672,356.095
231.219,844.106,481.044
231.554,840.541,605.992
350.561,595.193,348.569
350.897,591.627,473.518
351.232,588.062,598.467
353.208,720.114,352.127
353.544,716.549,477.076
353.879,712.984,602.024
355.855,845.035,355.684
356.191,841.47,480.633
356.526,837.905,605.582
101.94,599.619,475.571
103.389,600.688,600.558
104.837,601.757,725.545
100.926,724.611,474.514
102.375,725.679,599.501
103.824,726.748,724.488
99.9129,849.602,473.457
101.361,850.671,598.444
102.81,851.739,723.431
226.928,600.62,474.114
228.376,601.689,599.101
229.825,602.758,724.088
225.914,725.612,473.057
227.363,726.68,598.044
228.811,727.749,723.031
224.9,850.603,472
226.349,851.672,596.987
227.797,852.741,721.974
351.915,601.622,472.657
353.364,602.69,597.644
354.812,603.759,722.631
350.901,726.613,471.6
352.35,727.682,596.587
353.799,728.75,721.574
349.888,851.604,470.543
351.336,852.673,595.53
352.785,853.742,720.517
98.09,600.189,601.636
97.0552,598.951,726.626
96.0203,597.714,851.615
100.457,725.161,602.893
99.4219,723.923,727.883
98.3871,722.685,852.872
102.824,850.132,604.151
101.789,848.894,729.14
100.754,847.656,854.13
223.063,597.812,602.647
222.028,596.574,727.637
220.994,595.337,852.626
225.43,722.784,603.904
224.395,721.546,728.894
223.36,720.308,853.884
227.797,847.755,605.162
226.762,846.517,730.151
225.727,845.279,855.141
348.037,595.435,603.658
347.002,594.197,728.648
345.967,592.96,853.638
350.403,720.407,604.916
349.369,719.169,729.905
348.334,717.931,854.895
352.77,845.378,606.173
351.735,844.14,731.162
350.7,842.902,856.152
223.479,99.3848,101.033
225.775,100.001,226.01
228.071,100.617,350.987
222.709,224.381,100.43
225.005,224.997,225.408
227.301,225.614,350.385
221.939,349.377,99.828
224.235,349.993,224.805
226.531,350.61,349.783
348.456,100.144,98.733
350.752,100.76,223.71
353.047,101.376,348.688
347.686,225.14,98.1307
349.982,225.756,223.108
352.277,226.372,348.085
346.916,350.136,97.5284
349.211,350.752,222.506
351.507,351.369,347.483
473.432,100.902,96.4334
475.728,101.519,221.411
478.024,102.135,346.388
472.662,225.899,95.8311
474.958,226.515,220.809
477.254,227.131,345.786
471.892,350.895,95.2289
474.188,351.511,220.206
476.484,352.127,345.184
225.632,101.472,225.294
224.367,103.254,350.275
223.101,105.036,475.256
226.551,226.456,223.521
225.286,228.238,348.502
224.02,230.02,473.483
227.47,351.44,221.748
226.205,353.222,346.729
224.939,355.004,471.71
350.622,100.571,226.572
349.357,102.353,351.553
348.091,104.135,476.534
351.542,225.555,224.799
350.276,227.337,349.78
349.01,229.119,474.761
352.461,350.539,223.027
351.195,352.321,348.008
349.93,354.103,472.988
475.613,99.6701,227.851
474.347,101.452,352.832
473.082,103.234,477.813
476.532,224.654,226.078
475.266,226.436,351.059
474.001,228.218,476.04
477.451,349.638,224.305
476.185,351.42,349.286
474.92,353.202,474.267
223.118,101.096,348.881
220.365,103.144,473.834
217.612,105.192,598.787
223.487,226.079,346.841
220.734,228.127,471.794
217.981,230.175,596.747
223.856,351.062,344.801
221.103,353.109,469.753
218.35,355.157,594.706
348.087,100.772,351.64
345.334,102.82,476.592
342.581,104.868,601.545
348.456,225.755,349.599
345.703,227.803,474.552
342.95,229.851,599.505
348.825,350.738,347.559
346.072,352.786,472.512
343.319,354.834,597.465
473.056,100.448,354.398
470.303,102.496,479.351
467.551,104.544,604.304
473.425,225.431,352.358
470.672,227.479,477.311
467.919,229.527,602.264
473.794,350.414,350.318
471.041,352.462,475.27
468.288,354.51,600.223
225.539,100.042,476.29
221.968,102.959,601.205
218.398,105.875,726.12
225.62,225.008,473.375
222.049,227.925,598.289
218.479,230.841,723.204
225.701,349.974,470.459
222.13,352.891,595.374
218.56,355.807,720.289
350.488,100.044,479.861
346.917,102.961,604.776
343.347,105.878,729.691
350.569,225.01,476.946
346.998,227.927,601.861
343.428,230.844,726.776
350.65,349.976,474.03
347.079,352.893,598.945
343.509,355.81,723.86
475.437,100.046,483.433
471.866,102.963,608.347
468.296,105.88,733.262
475.518,225.012,480.517
471.947,227.929,605.432
468.377,230.846,730.347
475.599,349.978,477.601
472.028,352.895,602.516
468.458,355.812,727.431
224.919,101.601,599.39
224.679,102.27,724.388
224.438,102.94,849.386
225.775,226.596,598.722
225.535,227.266,723.72
225.294,227.936,848.718
226.631,351.591,598.054
226.39,352.261,723.052
226.15,352.931,848.05
349.916,100.746,599.635
349.675,101.416,724.633
349.435,102.086,849.631
350.772,225.741,598.967
350.531,226.411,723.965
350.291,227.081,848.963
351.628,350.737,598.299
351.387,351.406,723.297
351.147,352.076,848.295
474.913,99.8914,599.881
474.672,100.561,724.879
474.432,101.231,849.877
475.769,224.887,599.213
475.528,225.556,724.21
475.288,226.226,849.208
476.625,349.882,598.544
476.384,350.552,723.542
476.144,351.222,848.54
223.237,224.486,101.971
223.973,220.984,226.92
224.708,217.482,351.869
222.703,349.435,105.476
223.439,345.933,230.425
224.175,342.431,355.374
222.17,474.385,108.981
222.905,470.883,233.93
223.641,467.381,358.879
348.234,225.04,101.251
348.969,221.538,226.199
349.705,218.036,351.148
347.7,349.989,104.756
348.436,346.487,229.704
349.172,342.985,354.653
347.166,474.939,108.261
347.902,471.437,233.21
348.638,467.935,358.158
473.23,225.594,100.53
473.966,222.092,225.479
474.702,218.59,350.427
472.697,350.543,104.035
473.432,347.041,228.984
474.168,343.539,353.933
472.163,475.493,107.54
472.899,471.991,232.489
473.635,468.489,357.438
224.335,223.087,226.078
222.075,223.184,351.058
219.815,223.282,476.038
223.664,348.086,225.969
221.404,348.183,350.949
219.144,348.28,475.928
222.992,473.084,225.86
220.732,473.181,350.84
218.472,473.278,475.819
349.313,223.761,228.338
347.053,223.858,353.317
344.793,223.955,478.297
348.642,348.759,228.229
346.382,348.856,353.208
344.122,348.953,478.188
347.97,473.757,228.119
345.71,473.854,353.099
343.45,473.951,478.078
474.291,224.434,230.597
472.031,224.531,355.577
469.771,224.628,480.556
473.619,349.432,230.488
471.359,349.529,355.468
469.099,349.627,480.447
472.948,474.43,230.379
470.688,474.528,355.358
468.428,474.625,480.338
223.772,226.246,350.974
222.62,226.226,475.969
221.468,226.206,600.963
226.359,351.219,351.018
225.207,351.199,476.012
224.055,351.179,601.007
228.946,476.192,351.062
227.794,476.172,476.056
226.642,476.152,601.051
348.739,223.658,352.125
347.587,223.638,477.12
346.435,223.618,602.115
351.327,348.631,352.169
350.175,348.611,477.164
349.023,348.591,602.158
353.914,473.604,352.213
352.762,473.584,477.208
351.61,473.564,602.202
473.707,221.07,353.277
472.555,221.05,478.271
471.403,221.03,603.266
476.295,346.043,353.32
475.143,346.023,478.315
473.991,346.003,603.31
478.882,471.017,353.364
477.73,470.997,478.359
476.578,470.977,603.354
223.706,225.758,476.703
226.615,226.446,601.668
229.525,227.134,726.632
226.593,350.723,475.948
229.503,351.411,600.913
232.412,352.098,725.877
229.481,475.687,475.193
232.39,476.375,600.157
235.299,477.063,725.122
348.639,222.854,473.811
351.548,223.542,598.775
354.457,224.23,723.739
351.526,347.819,473.056
354.436,348.506,598.02
357.345,349.194,722.984
354.414,472.783,472.301
357.323,473.471,597.265
360.232,474.159,722.229
473.572,219.95,470.918
476.481,220.638,595.882
479.39,221.326,720.847
476.459,344.914,470.163
479.368,345.602,595.127
482.278,346.29,720.092
479.346,469.879,469.408
482.256,470.567,594.372
485.165,471.255,719.337
224.083,224.718,599.492
221.77,225.55,724.468
219.457,226.382,849.444
226.233,349.697,598.7
223.92,350.529,723.676
221.607,351.361,848.652
228.383,474.676,597.908
226.07,475.508,722.884
223.758,476.34,847.86
349.043,222.583,601.819
346.73,223.415,726.795
344.417,224.246,851.77
351.193,347.562,601.027
348.88,348.394,726.003
346.568,349.225,850.979
353.343,472.541,600.235
351.031,473.373,725.211
348.718,474.204,850.187
474.003,220.448,604.145
471.69,221.28,729.121
469.377,222.111,854.097
476.153,345.427,603.354
473.84,346.259,728.329
471.528,347.09,853.305
478.303,470.406,602.562
475.991,471.238,727.538
473.678,472.069,852.513
224.602,349.901,101.739
226.851,351.454,226.709
229.101,353.008,351.679
224.051,474.89,100.195
226.3,476.443,225.165
228.549,477.997,350.135
223.499,599.879,98.651
225.748,601.433,223.621
227.998,602.986,348.591
349.581,350.424,99.4829
351.83,351.978,224.453
354.079,353.531,349.423
349.029,475.414,97.939
351.279,476.967,222.909
353.528,478.521,347.879
348.478,600.403,96.3951
350.727,601.956,221.365
352.976,603.51,346.335
474.559,350.948,97.227
476.809,352.501,222.197
479.058,354.055,347.167
474.008,475.937,95.6831
476.257,477.491,220.653
478.506,479.044,345.623
473.456,600.926,94.1393
475.706,602.48,219.109
477.955,604.033,344.079
226.851,351.815,225.108
224.027,351.432,350.075
221.203,351.048,475.043
223.487,476.769,225.415
220.663,476.386,350.383
217.838,476.002,475.35
220.122,601.724,225.723
217.298,601.34,350.69
214.474,600.957,475.658
351.774,355.172,227.941
348.95,354.788,352.909
346.126,354.405,477.876
348.409,480.126,228.249
345.585,479.743,353.216
342.761,479.359,478.184
345.045,605.08,228.556
342.221,604.697,353.523
339.396,604.314,478.491
476.697,358.529,230.775
473.873,358.145,355.742
471.049,357.762,480.71
473.332,483.483,231.082
470.508,483.1,356.049
467.684,482.716,481.017
469.967,608.437,231.389
467.143,608.054,356.357
464.319,607.671,481.324
226.71,348.407,348.634
226.304,349.968,473.624
225.898,351.528,598.614
228.976,473.377,347.082
228.57,474.937,472.071
228.164,476.498,597.061
231.241,598.347,345.529
230.835,599.907,470.519
230.429,601.467,595.509
351.689,346.148,349.069
351.283,347.708,474.058
350.877,349.268,599.048
353.954,471.117,347.516
353.548,472.677,472.506
353.142,474.238,597.495
356.22,596.087,345.964
355.814,597.647,470.953
355.408,599.207,595.943
476.668,343.888,349.503
476.262,345.448,474.492
475.856,347.008,599.482
478.933,468.857,347.95
478.527,470.417,472.94
478.121,471.978,597.929
481.198,593.827,346.398
480.792,595.387,471.387
480.386,596.947,596.377
225.958,350.992,475.252
226.424,351.954,600.248
226.89,352.916,725.243
226.552,475.987,474.288
227.019,476.949,599.283
227.485,477.911,724.279
227.147,600.981,473.324
227.613,601.944,598.319
228.079,602.906,723.314
350.956,350.394,474.791
351.422,351.356,599.786
351.888,352.318,724.781
351.55,475.389,473.826
352.016,476.351,598.822
352.482,477.313,723.817
352.145,600.383,472.862
352.611,601.345,597.857
353.077,602.308,722.853
475.953,349.796,474.329
476.419,350.758,599.324
476.886,351.72,724.32
476.548,474.79,473.365
477.014,475.753,598.36
477.48,476.715,723.356
477.142,599.785,472.4
477.608,600.747,597.396
478.075,601.71,722.391
224.308,350.75,598.768
225.523,347.127,723.71
226.738,343.504,848.651
221.23,475.658,602.42
222.446,472.035,727.361
223.661,468.412,852.303
218.153,600.567,606.072
219.368,596.944,731.013
220.583,593.321,855.955
349.264,353.861,597.643
350.479,350.238,722.584
351.695,346.615,847.526
346.187,478.77,601.295
347.402,475.147,726.236
348.617,471.524,851.178
343.109,603.679,604.947
344.324,600.056,729.888
345.539,596.433,854.83
474.22,356.973,596.518
475.436,353.35,721.459
476.651,349.727,846.401
471.143,481.882,600.17
472.358,478.259,725.111
473.573,474.636,850.053
468.065,606.79,603.821
469.28,603.167,728.763
470.496,599.545,853.705
223.967,473.277,98.7621
224.925,476.047,223.728
225.883,478.817,348.693
224.605,598.245,95.9874
225.563,601.015,220.953
226.521,603.784,345.919
225.243,723.213,93.2128
226.202,725.982,218.178
227.16,728.752,343.144
348.962,472.618,97.8183
349.92,475.388,222.784
350.878,478.158,347.75
349.6,597.586,95.0437
350.558,600.356,220.009
351.516,603.125,344.975
350.238,722.553,92.2691
351.196,725.323,217.235
352.154,728.093,342.2
473.956,471.959,96.8746
474.915,474.729,221.84
475.873,477.498,346.806
474.595,596.927,94.0999
475.553,599.696,219.066
476.511,602.466,344.031
475.233,721.894,91.3253
476.191,724.664,216.291
477.149,727.434,341.257
223.496,473.252,226.793
223.933,475.155,351.778
224.371,477.058,476.763
222.542,598.234,224.893
222.979,600.137,349.878
223.417,602.04,474.863
221.588,723.216,222.994
222.026,725.119,347.978
222.463,727.022,472.963
348.491,474.199,226.341
348.929,476.102,351.326
349.366,478.005,476.311
347.537,599.181,224.441
347.975,601.084,349.426
348.413,602.987,474.411
346.584,724.163,222.542
347.021,726.066,347.526
347.459,727.969,472.511
473.487,475.146,225.889
473.924,477.049,350.874
474.362,478.953,475.859
472.533,600.128,223.989
472.971,602.031,348.974
473.408,603.934,473.959
471.579,725.11,222.09
472.017,727.013,347.074
472.454,728.916,472.059
223.178,475.821,349.736
222.237,479.204,474.686
221.295,482.587,599.637
226.873,600.721,346.382
225.931,604.104,471.332
224.99,607.488,596.283
230.567,725.622,343.028
229.626,729.005,467.978
228.684,732.388,592.929
348.12,472.153,350.777
347.179,475.536,475.727
346.237,478.919,600.678
351.815,597.054,347.423
350.873,600.437,472.373
349.932,603.82,597.324
355.509,721.954,344.069
354.568,725.337,469.019
353.626,728.72,593.97
473.062,468.485,351.817
472.12,471.869,476.768
471.179,475.252,601.719
476.757,593.386,348.463
475.815,596.769,473.414
474.873,600.152,598.365
480.451,718.286,345.109
479.509,721.669,470.06
478.568,725.052,595.011
225.448,476.933,476.311
227.175,479.705,601.268
228.902,482.476,726.225
227.726,601.881,473.508
229.453,604.652,598.465
231.18,607.424,723.422
230.003,726.828,470.705
231.73,729.6,595.662
233.457,732.372,720.619
350.416,474.617,474.635
352.143,477.389,599.592
353.87,480.161,724.549
352.693,599.565,471.832
354.42,602.337,596.789
356.147,605.109,721.746
354.97,724.513,469.029
356.697,727.285,593.986
358.424,730.057,718.943
475.383,472.302,472.959
477.11,475.074,597.916
478.837,477.846,722.874
477.66,597.25,470.156
479.387,600.022,595.113
481.114,602.793,720.071
479.938,722.198,467.353
481.665,724.97,592.31
483.392,727.741,717.267
223.56,475.791,598.593
227.115,477.645,723.529
230.67,479.499,848.465
222.801,600.775,596.76
226.356,602.629,721.695
229.911,604.484,846.631
222.042,725.759,594.926
225.597,727.614,719.862
229.152,729.468,844.798
348.507,476.497,595.027
352.062,478.351,719.963
355.617,480.206,844.899
347.748,601.481,593.194
351.303,603.336,718.13
354.858,605.19,843.065
346.989,726.466,591.36
350.544,728.32,716.296
354.099,730.174,841.232
473.454,477.203,591.461
477.009,479.058,716.397
480.564,480.912,841.333
472.695,602.188,589.628
476.25,604.042,714.564
479.805,605.896,839.499
471.936,727.172,587.795
475.491,729.026,712.73
479.046,730.88,837.666
223.33,598.608,98.0699
220.169,598.824,223.03
217.009,599.039,347.99
221.793,723.598,97.8153
218.632,723.814,222.775
215.472,724.03,347.735
220.256,848.589,97.5607
217.095,848.804,222.521
213.935,849.02,347.48
348.28,600.151,101.227
345.12,600.367,226.187
341.96,600.582,351.147
346.743,725.141,100.973
343.583,725.357,225.933
340.423,725.573,350.892
345.206,850.132,100.718
342.046,850.347,225.678
338.886,850.563,350.638
473.231,601.694,104.385
470.071,601.91,229.345
466.91,602.125,354.304
471.694,726.684,104.13
468.534,726.9,229.09
465.373,727.116,354.05
470.157,851.674,103.875
466.997,851.89,228.835
463.836,852.106,353.795
226.491,601.32,226.565
226.521,602.612,351.558
226.55,603.904,476.552
229.662,726.273,225.273
229.691,727.565,350.266
229.721,728.857,475.26
232.832,851.226,223.981
232.862,852.518,348.974
232.892,853.81,473.967
351.45,598.149,226.568
351.48,599.441,351.561
351.51,600.733,476.555
354.621,723.102,225.276
354.651,724.394,350.269
354.681,725.686,475.262
357.792,848.055,223.984
357.822,849.347,348.977
357.852,850.639,473.97
476.41,594.978,226.571
476.44,596.27,351.564
476.47,597.562,476.558
479.581,719.931,225.279
479.611,721.223,350.272
479.641,722.515,475.265
482.752,844.884,223.987
482.782,846.176,348.98
482.812,847.468,473.973
223.991,598.031,350.264
222.455,598.479,475.254
220.919,598.928,600.244
224.723,723.028,349.825
223.187,723.476,474.815
221.651,723.925,599.804
225.455,848.025,349.385
223.919,848.474,474.375
222.383,848.922,599.365
348.98,597.305,351.803
347.443,597.753,476.793
345.907,598.201,601.783
349.711,722.302,351.364
348.175,722.75,476.353
346.639,723.199,601.343
350.443,847.299,350.924
348.907,847.747,475.914
347.371,848.196,600.904
473.968,596.578,353.342
472.432,597.027,478.331
470.896,597.475,603.321
474.7,721.575,352.902
473.164,722.024,477.892
471.628,722.472,602.882
475.432,846.572,352.463
473.896,847.021,477.452
472.359,847.469,602.442
226.585,598.497,473.477
229.624,596.508,598.424
232.664,594.518,723.371
227.776,723.476,475.438
230.816,721.486,600.385
233.856,719.497,725.332
228.967,848.455,477.399
232.007,846.465,602.346
235.047,844.476,727.293
351.542,597.354,470.419
354.582,595.364,595.366
357.622,593.375,720.313
352.733,722.333,472.379
355.773,720.343,597.327
358.813,718.354,722.274
353.925,847.312,474.34
356.964,845.322,599.288
360.004,843.333,724.235
476.499,596.211,467.36
479.539,594.221,592.307
482.579,592.232,717.255
477.691,721.19,469.321
480.731,719.2,594.268
483.77,717.211,719.216
478.882,846.169,471.282
481.922,844.179,596.229
484.962,842.19,721.176
223.74,600.843,601.221
223.188,603.157,726.198
222.636,605.471,851.175
225.114,725.814,598.913
224.562,728.128,723.89
224.01,730.442,848.868
226.488,850.785,596.605
225.936,853.099,721.583
225.383,855.413,846.56
348.731,599.48,601.798
348.179,601.794,726.775
347.627,604.108,851.753
350.105,724.451,599.49
349.553,726.765,724.468
349.001,729.079,849.445
351.479,849.422,597.183
350.927,851.736,722.16
350.375,854.05,847.137
473.723,598.116,602.376
473.171,600.43,727.353
472.618,602.744,852.33
475.096,723.088,600.068
474.544,725.401,725.045
473.992,727.715,850.023
476.47,848.059,597.76
475.918,850.373,722.738
475.366,852.686,847.715
348.848,101.105,99.1474
345.429,98.534,224.074
342.009,95.9628,349.001
351.212,226.055,101.784
347.792,223.484,226.711
344.372,220.913,351.637
353.575,351.005,104.42
350.155,348.434,229.347
346.736,345.862,354.274
473.779,98.6712,102.517
470.36,96.1,227.444
466.94,93.5288,352.371
476.143,223.621,105.153
472.723,221.05,230.08
469.303,218.479,355.007
478.506,348.571,107.79
475.086,346,232.717
471.666,343.429,357.643
598.71,96.2372,105.887
595.291,93.6661,230.814
591.871,91.0949,355.74
601.073,221.187,108.523
597.654,218.616,233.45
594.234,216.045,358.377
603.437,346.137,111.159
600.017,343.566,236.086
596.597,340.995,361.013
351.529,98.1691,223.978
349.106,99.7044,348.945
346.682,101.24,473.912
354.07,223.134,222.492
351.647,224.67,347.459
349.223,226.205,472.426
356.611,348.1,221.006
354.188,349.635,345.973
351.764,351.17,470.94
476.48,95.6575,226.432
474.056,97.1928,351.399
471.633,98.7281,476.366
479.021,220.623,224.946
476.597,222.158,349.913
474.174,223.693,474.88
481.562,345.588,223.46
479.138,347.123,348.427
476.715,348.659,473.394
601.43,93.1458,228.886
599.007,94.6811,353.853
596.583,96.2164,478.82
603.972,218.111,227.4
601.548,219.646,352.367
599.124,221.182,477.334
606.513,343.077,225.914
604.089,344.612,350.881
601.665,346.147,475.848
348.622,101.615,349.299
352.229,104.787,474.207
355.837,107.959,599.115
349.255,226.573,346.108
352.863,229.745,471.015
356.47,232.917,595.923
349.888,351.53,342.916
353.496,354.702,467.824
357.103,357.874,592.732
473.569,100.89,345.709
477.176,104.062,470.617
480.783,107.234,595.525
474.202,225.848,342.518
477.809,229.02,467.426
481.416,232.192,592.333
474.835,350.806,339.326
478.442,353.978,464.234
482.049,357.15,589.142
598.515,100.166,342.12
602.122,103.338,467.027
605.729,106.509,591.935
599.148,225.123,338.928
602.755,228.295,463.836
606.362,231.467,588.743
599.781,350.081,335.736
603.388,353.253,460.644
606.996,356.425,585.552
351.49,99.3461,476.786
354.084,101.555,601.74
356.678,103.763,726.693
349.008,224.303,474.629
351.601,226.511,599.582
354.195,228.72,724.536
346.525,349.26,472.472
349.118,351.468,597.425
351.712,353.677,722.379
476.439,101.783,474.149
479.032,103.992,599.103
481.626,106.2,724.057
473.956,226.74,471.992
476.55,228.949,596.946
479.143,231.157,721.9
471.473,351.697,469.835
474.067,353.905,594.789
476.66,356.114,719.743
601.387,104.221,471.513
603.981,106.429,596.467
606.574,108.638,721.42
598.904,229.177,469.356
601.498,231.386,594.309
604.091,233.594,719.263
596.422,354.134,467.199
599.015,356.343,592.152
601.609,358.551,717.106
348.759,99.504,598.079
348.962,101.649,723.061
349.165,103.794,848.042
347.372,224.478,595.937
347.575,226.623,720.918
347.777,228.768,845.899
345.985,349.452,593.794
346.187,351.597,718.775
346.39,353.742,843.757
473.751,100.888,597.853
473.954,103.033,722.834
474.157,105.178,847.816
472.364,225.862,595.71
472.567,228.007,720.692
472.77,230.152,845.673
470.977,350.835,593.567
471.18,352.981,718.549
471.382,355.126,843.53
598.744,102.271,597.626
598.946,104.416,722.608
599.149,106.561,847.589
597.356,227.245,595.484
597.559,229.39,720.465
597.762,231.535,845.447
595.969,352.219,593.341
596.172,354.364,718.322
596.374,356.509,843.304
348.389,223.635,101.911
346.076,225.545,226.875
343.763,227.454,351.839
351.705,348.578,100.063
349.392,350.487,225.027
347.079,352.396,349.991
355.021,473.52,98.2158
352.708,475.429,223.18
350.395,477.339,348.144
473.323,220.355,104.273
471.011,222.264,229.237
468.698,224.173,354.201
476.639,345.297,102.426
474.327,347.206,227.39
472.014,349.116,352.354
479.955,470.239,100.578
477.642,472.149,225.542
475.33,474.058,350.506
598.258,217.074,106.635
595.945,218.983,231.6
593.633,220.892,356.564
601.574,342.016,104.788
599.261,343.926,229.752
596.948,345.835,354.716
604.89,466.959,102.94
602.577,468.868,227.904
600.264,470.777,352.868
351.958,223.986,223.055
352.452,220.372,348.002
352.945,216.758,472.948
349.293,348.905,226.678
349.787,345.291,351.625
350.28,341.677,476.572
346.628,473.824,230.301
347.122,470.21,355.248
347.616,466.596,480.195
476.928,226.664,222.638
477.422,223.05,347.585
477.916,219.436,472.532
474.264,351.583,226.262
474.757,347.969,351.208
475.251,344.355,476.155
471.599,476.502,229.885
472.092,472.888,354.832
472.586,469.274,479.779
601.899,229.342,222.222
602.393,225.728,347.169
602.887,222.114,472.116
599.234,354.261,225.845
599.728,350.647,350.792
600.222,347.033,475.739
596.569,479.18,229.469
597.063,475.566,354.415
597.557,471.952,479.362
348.824,225.191,351.154
350.745,223.649,476.13
352.666,222.107,601.106
348.571,350.181,352.701
350.492,348.639,477.676
352.412,347.097,602.652
348.318,475.172,354.247
350.238,473.629,479.223
352.159,472.087,604.198
473.809,225.468,349.237
475.73,223.926,474.213
477.65,222.384,599.188
473.556,350.458,350.783
475.477,348.916,475.759
477.397,347.374,600.735
473.303,475.448,352.329
475.223,473.906,477.305
477.144,472.364,602.281
598.794,225.745,347.319
600.715,224.203,472.295
602.635,222.661,597.271
598.541,350.735,348.866
600.462,349.193,473.841
602.382,347.651,598.817
598.288,475.725,350.412
600.208,474.183,475.388
602.129,472.641,600.363
351.692,224.588,475.508
353.318,226.28,600.486
354.944,227.972,725.464
349.801,349.562,473.841
351.427,351.255,598.819
353.053,352.947,723.797
347.91,474.537,472.173
349.536,476.229,597.151
351.162,477.921,722.129
476.667,226.457,473.857
478.293,228.149,598.835
479.919,229.841,723.813
474.776,351.432,472.189
476.402,353.124,597.167
478.028,354.816,722.145
472.885,476.406,470.522
474.511,478.098,595.5
476.137,479.79,720.478
601.642,228.326,472.205
603.268,230.018,597.183
604.895,231.71,722.161
599.751,353.301,470.538
601.377,354.993,595.516
603.003,356.685,720.494
597.86,478.275,468.87
599.486,479.967,593.848
601.112,481.66,718.826
350.74,225.242,598.131
347.032,227.787,723.05
343.325,230.331,847.97
351.289,350.216,595.602
347.581,352.76,720.521
343.874,355.304,845.44
351.838,475.189,593.073
348.13,477.733,717.992
344.423,480.277,842.911
475.684,224.769,601.849
471.976,227.313,726.768
468.268,229.857,851.688
476.233,349.742,599.32
472.525,352.286,724.239
468.817,354.831,849.158
476.782,474.715,596.791
473.074,477.259,721.71
469.366,479.804,846.629
600.627,224.295,605.567
596.92,226.839,730.486
593.212,229.384,855.406
601.176,349.268,603.038
597.469,351.813,727.957
593.761,354.357,852.876
601.725,474.241,600.509
598.018,476.786,725.428
594.31,479.33,850.347
349.289,351.8,100.825
350.307,349.139,225.793
351.325,346.478,350.76
350.195,476.769,103.479
351.213,474.107,228.447
352.231,471.446,353.414
351.101,601.737,106.133
352.119,599.076,231.101
353.137,596.415,356.068
474.281,350.916,99.7885
475.299,348.255,224.756
476.317,345.593,349.724
475.188,475.884,102.442
476.205,473.223,227.41
477.223,470.562,352.378
476.094,600.853,105.096
477.112,598.192,230.064
478.129,595.53,355.031
599.274,350.032,98.7516
600.292,347.37,223.719
601.31,344.709,348.687
600.18,475,101.406
601.198,472.339,226.373
602.216,469.677,351.341
601.086,599.969,104.06
602.104,597.307,229.027
603.122,594.646,353.995
349.576,349.773,224.608
349.466,347.848,349.593
349.356,345.924,474.578
351.04,474.749,226.534
350.93,472.825,351.519
350.82,470.9,476.504
352.503,599.726,228.459
352.393,597.801,353.444
352.283,595.877,478.43
474.568,348.308,224.695
474.458,346.383,349.68
474.348,344.459,474.666
476.031,473.284,226.621
475.921,471.36,351.606
475.811,469.435,476.591
477.495,598.261,228.547
477.385,596.337,353.532
477.275,594.412,478.517
599.559,346.843,224.783
599.449,344.918,349.768
599.339,342.994,474.753
601.023,471.819,226.708
600.913,469.895,351.694
600.803,467.97,476.679
602.486,596.796,228.634
602.376,594.872,353.619
602.266,592.947,478.604
349.641,350.646,350.252
348.551,347.909,475.218
347.461,345.173,600.183
350.316,475.614,352.994
349.226,472.878,477.96
348.136,470.141,602.925
350.991,600.582,355.737
349.901,597.846,480.702
348.811,595.109,605.667
474.635,349.947,351.327
473.545,347.211,476.293
472.455,344.475,601.258
475.31,474.915,354.069
474.219,472.179,479.035
473.129,469.443,604
475.984,599.883,356.812
474.894,597.147,481.777
473.804,594.411,606.742
599.628,349.249,352.402
598.538,346.513,477.368
597.448,343.776,602.333
600.303,474.217,355.145
599.213,471.481,480.11
598.123,468.745,605.075
600.978,599.185,357.887
599.888,596.449,482.852
598.798,593.713,607.817
350.874,348.779,476
348.532,346.786,600.962
346.191,344.794,725.925
351.345,473.762,478.002
349.003,471.769,602.964
346.662,469.777,727.926
351.816,598.745,480.003
349.474,596.752,604.966
347.133,594.76,729.928
475.851,348.27,478.334
473.51,346.278,603.296
471.168,344.285,728.258
476.322,473.253,480.335
473.981,471.261,605.298
471.639,469.268,730.26
476.793,598.236,482.337
474.452,596.244,607.299
472.11,594.251,732.261
600.828,347.762,480.667
598.487,345.769,605.629
596.145,343.777,730.592
601.299,472.745,482.669
598.958,470.753,607.631
596.616,468.76,732.593
601.77,597.728,484.671
599.429,595.736,609.633
597.087,593.743,734.595
348.759,349.7,600.741
348.416,351.819,725.722
348.073,353.937,850.704
349.36,474.681,598.624
349.017,476.799,723.605
348.674,478.918,848.587
349.961,599.661,596.507
349.618,601.78,721.488
349.275,603.898,846.47
473.757,349.105,601.094
473.414,351.223,726.075
473.071,353.342,851.057
474.358,474.085,598.977
474.015,476.204,723.959
473.672,478.322,848.94
474.959,599.066,596.86
474.616,601.185,721.842
474.273,603.303,846.823
598.755,348.51,601.447
598.412,350.628,726.429
598.069,352.747,851.41
599.356,473.49,599.33
599.013,475.609,724.312
598.67,477.727,849.293
599.957,598.471,597.213
599.614,600.589,722.195
599.271,602.708,847.176
351.379,475.757,100.078
348.21,475.843,225.038
345.041,475.93,349.997
349.543,600.743,99.9448
346.374,600.83,224.905
343.205,600.916,349.864
347.707,725.73,99.8117
344.538,725.816,224.772
341.369,725.903,349.731
476.325,477.596,103.245
473.156,477.682,228.205
469.987,477.769,353.165
474.489,602.582,103.112
471.32,602.669,228.072
468.151,602.755,353.032
472.653,727.569,102.979
469.484,727.655,227.939
466.315,727.742,352.899
601.272,479.435,106.413
598.103,479.521,231.372
594.934,479.608,356.332
599.436,604.421,106.28
596.267,604.508,231.239
593.098,604.594,356.199
597.599,729.408,106.146
594.43,729.494,231.106
591.261,729.581,356.066
348.571,476.289,223.408
351.189,479.941,348.327
353.808,483.592,473.246
346.221,601.215,219.805
348.839,604.867,344.724
351.458,608.518,469.643
343.871,726.141,216.203
346.489,729.793,341.122
349.108,733.444,466.041
473.521,478.562,220.722
476.14,482.214,345.641
478.758,485.865,470.56
471.171,603.488,217.119
473.79,607.14,342.039
476.408,610.791,466.958
468.821,728.414,213.517
471.44,732.066,338.436
474.058,735.717,463.355
598.472,480.835,218.036
601.09,484.487,342.956
603.709,488.138,467.875
596.122,605.761,214.434
598.74,609.413,339.353
601.359,613.064,464.272
593.772,730.687,210.831
596.39,734.339,335.75
599.009,737.99,460.67
349.723,476.583,348.396
351.838,474.686,473.364
353.953,472.789,598.332
349.894,601.569,350.291
352.009,599.672,475.259
354.124,597.774,600.226
350.065,726.555,352.186
352.18,724.657,477.153
354.295,722.76,602.121
474.705,476.445,346.279
476.82,474.547,471.247
478.935,472.65,596.214
474.876,601.43,348.174
476.991,599.533,473.141
479.106,597.636,598.109
475.047,726.416,350.068
477.162,724.518,475.036
479.277,722.621,600.004
599.687,476.306,344.162
601.802,474.409,469.129
603.917,472.511,594.097
599.858,601.291,346.056
601.973,599.394,471.024
604.088,597.497,595.992
600.029,726.277,347.951
602.144,724.38,472.919
604.259,722.482,597.886
348.225,474.277,475.439
344.64,471.222,600.35
341.054,468.167,725.261
345.364,599.209,478.413
341.778,596.154,603.324
338.192,593.098,728.235
342.502,724.141,481.386
338.916,721.085,606.297
335.33,718.03,731.209
473.141,477.052,479.093
469.555,473.996,604.004
465.97,470.941,728.915
470.279,601.983,482.066
466.694,598.928,606.977
463.108,595.873,731.889
467.417,726.915,485.04
463.832,723.86,609.951
460.246,720.805,734.862
598.057,479.826,482.746
594.471,476.771,607.658
590.886,473.716,732.569
595.195,604.758,485.72
591.609,601.703,610.631
588.024,598.647,735.542
592.333,729.69,488.694
588.748,726.635,613.605
585.162,723.579,738.516
350.071,474.603,601.474
353.735,472.838,726.408
357.398,471.073,851.342
348.393,599.578,603.288
352.056,597.813,728.222
355.719,596.049,853.156
346.715,724.554,605.103
350.378,722.789,730.037
354.041,721.024,854.971
475.006,476.333,597.835
478.67,474.568,722.769
482.333,472.804,847.703
473.328,601.309,599.65
476.991,599.544,724.584
480.654,597.779,849.517
471.65,726.284,601.464
475.313,724.52,726.398
478.976,722.755,851.332
599.941,478.064,594.197
603.605,476.299,719.13
607.268,474.534,844.064
598.263,603.039,596.011
601.926,601.275,720.945
605.589,599.51,845.879
596.585,728.015,597.826
600.248,726.25,722.759
603.911,724.485,847.693
350.182,598.156,99.374
347.049,596.14,224.318
343.915,594.123,349.263
350.823,723.138,101.407
347.69,721.121,226.352
344.557,719.105,351.296
351.465,848.12,103.441
348.331,846.103,228.385
345.198,844.086,353.33
475.141,597.464,102.497
472.008,595.447,227.441
468.874,593.431,352.385
475.782,722.446,104.53
472.649,720.429,229.474
469.516,718.413,354.419
476.424,847.428,106.563
473.291,845.411,231.508
470.157,843.394,356.452
600.1,596.772,105.619
596.967,594.755,230.564
593.833,592.739,355.508
600.742,721.754,107.652
597.608,719.737,232.597
594.475,717.72,357.541
601.383,846.736,109.686
598.25,844.719,234.63
595.116,842.702,359.575
349.078,601.509,225.439
349.131,603.642,350.421
349.183,605.775,475.403
348.146,726.487,223.307
348.199,728.62,348.289
348.251,730.753,473.271
347.214,851.466,221.175
347.267,853.598,346.156
347.319,855.731,471.138
474.075,602.44,225.371
474.127,604.573,350.353
474.18,606.706,475.334
473.143,727.418,223.238
473.195,729.551,348.22
473.248,731.684,473.202
472.211,852.397,221.106
472.263,854.529,346.088
472.316,856.662,471.07
599.071,603.371,225.302
599.124,605.504,350.284
599.176,607.637,475.266
598.139,728.349,223.17
598.192,730.482,348.152
598.244,732.615,473.134
597.207,853.328,221.038
597.26,855.461,346.019
597.312,857.593,471.001
348.879,601.062,349.228
351.106,602.325,474.202
353.333,603.588,599.176
348.74,726.056,347.967
350.967,727.319,472.941
353.194,728.582,597.915
348.601,851.049,346.706
350.828,852.312,471.68
353.055,853.576,596.654
473.859,601.179,347
476.086,602.442,471.974
478.313,603.705,596.947
473.72,726.172,345.739
475.947,727.435,470.713
478.174,728.699,595.686
473.581,851.166,344.478
475.808,852.429,469.452
478.035,853.692,594.425
598.839,601.295,344.771
601.066,602.558,469.745
603.293,603.822,594.719
598.7,726.289,343.511
600.927,727.552,468.484
603.154,728.815,593.458
598.561,851.282,342.25
600.788,852.546,467.223
603.015,853.809,592.197
349.021,601.609,476.518
349.588,602.551,601.513
350.154,603.492,726.508
345.998,726.569,475.59
346.565,727.511,600.585
347.131,728.452,725.58
342.975,851.529,474.662
343.542,852.471,599.657
344.108,853.412,724.652
473.983,604.628,475.929
474.55,605.569,600.924
475.116,606.511,725.919
470.96,729.588,475.001
471.527,730.529,599.996
472.093,731.471,724.991
467.938,854.548,474.073
468.504,855.489,599.068
469.07,856.431,724.063
598.946,607.646,475.34
599.512,608.588,600.335
600.078,609.529,725.33
595.923,732.606,474.412
596.489,733.548,599.407
597.055,734.489,724.402
592.9,857.566,473.484
593.466,858.508,598.479
594.032,859.449,723.474
350.365,601.798,598.491
348.668,599.275,723.454
346.971,596.751,848.417
347.622,726.743,600.977
345.925,724.22,725.94
344.228,721.696,850.903
344.878,851.689,603.463
343.181,849.165,728.426
341.484,846.641,853.389
475.324,604.507,600.243
473.627,601.984,725.206
471.93,599.46,850.169
472.58,729.452,602.729
470.883,726.929,727.692
469.186,724.405,852.655
469.837,854.398,605.215
468.14,851.874,730.178
466.443,849.35,855.141
600.282,607.216,601.994
598.585,604.693,726.957
596.888,602.169,851.92
597.539,732.161,604.48
595.842,729.638,729.443
594.145,727.114,854.406
594.795,857.107,606.966
593.098,854.583,731.929
591.401,852.059,856.892
474.507,98.5641,100.803
475.283,100.903,225.779
476.059,103.243,350.755
471.547,223.507,98.4829
472.323,225.847,223.459
473.099,228.186,348.434
468.588,348.451,96.1624
469.364,350.79,221.138
470.14,353.13,346.114
599.469,101.508,99.9722
600.245,103.848,224.948
601.021,106.187,349.924
596.51,226.452,97.6517
597.286,228.791,222.627
598.062,231.131,347.603
593.55,351.395,95.3313
594.326,353.735,220.307
595.102,356.074,345.283
724.432,104.453,99.141
725.208,106.792,224.117
725.984,109.132,349.092
721.472,229.396,96.8206
722.248,231.736,221.796
723.024,234.075,346.772
718.513,354.34,94.5001
719.289,356.679,219.476
720.065,359.019,344.452
476.879,98.9542,223.077
477.873,102.438,348.025
478.867,105.922,472.972
478.17,223.899,219.583
479.164,227.383,344.53
480.158,230.867,469.478
479.461,348.843,216.089
480.455,352.327,341.036
481.449,355.811,465.984
601.868,97.6356,222.119
602.862,101.12,347.067
603.856,104.604,472.014
603.159,222.58,218.625
604.153,226.064,343.573
605.147,229.548,468.52
604.451,347.525,215.131
605.445,351.009,340.079
606.439,354.493,465.026
726.857,96.3171,221.162
727.851,99.8011,346.109
728.846,103.285,471.057
728.149,221.262,217.668
729.143,224.746,342.615
730.137,228.23,467.563
729.44,346.206,214.173
730.434,349.69,339.121
731.428,353.174,464.068
475.024,99.6663,350.297
476.653,100.762,475.281
478.282,101.858,600.266
478.365,224.616,349.157
479.994,225.712,474.142
481.623,226.808,599.126
481.707,349.567,348.018
483.336,350.663,473.003
484.964,351.759,597.987
599.969,96.3106,348.698
601.598,97.4066,473.682
603.227,98.5026,598.667
603.31,221.261,347.558
604.939,222.357,472.543
606.568,223.453,597.528
606.651,346.211,346.419
608.28,347.307,471.404
609.909,348.403,596.388
724.913,92.9549,347.099
726.542,94.0509,472.083
728.171,95.1469,597.068
728.255,217.905,345.959
729.884,219.001,470.944
731.513,220.097,595.929
731.596,342.855,344.82
733.225,343.951,469.805
734.854,345.047,594.789
474.979,101.441,476.647
471.578,102.03,601.599
468.177,102.619,726.551
472.324,226.411,475.985
468.923,227,600.938
465.522,227.589,725.89
469.669,351.381,475.324
466.268,351.97,600.276
462.867,352.559,725.228
599.904,104.112,480.034
596.503,104.702,604.987
593.102,105.291,729.939
597.249,229.082,479.373
593.848,229.672,604.325
590.448,230.261,729.277
594.595,354.053,478.711
591.194,354.642,603.663
587.793,355.231,728.616
724.83,106.784,483.422
721.429,107.373,608.374
718.028,107.963,733.326
722.175,231.754,482.76
718.774,232.344,607.712
715.373,232.933,732.665
719.52,356.724,482.098
716.119,357.314,607.051
712.718,357.903,732.003
474.514,99.9879,599.767
477.734,100.977,724.721
480.953,101.966,849.676
473.005,224.975,598.816
476.225,225.964,723.771
479.444,226.954,848.725
471.496,349.962,597.865
474.715,350.952,722.82
477.935,351.941,847.775
599.463,101.472,596.535
602.683,102.461,721.49
605.903,103.45,846.444
597.954,226.459,595.585
601.174,227.449,720.539
604.394,228.438,845.494
596.445,351.447,594.634
599.665,352.436,719.589
602.884,353.425,844.543
724.413,102.956,593.304
727.633,103.945,718.258
730.852,104.935,843.213
722.904,227.944,592.353
726.123,228.933,717.308
729.343,229.922,842.263
721.394,352.931,591.403
724.614,353.92,716.357
727.834,354.909,841.312
474.77,223.564,101.269
477.088,225.053,226.239
479.406,226.542,351.209
471.815,348.521,99.8353
474.133,350.01,224.805
476.451,351.499,349.775
468.861,473.478,98.4013
471.179,474.967,223.371
473.497,476.456,348.341
599.714,226.492,98.9169
602.032,227.981,223.887
604.35,229.47,348.856
596.759,351.449,97.4829
599.077,352.938,222.453
601.395,354.426,347.422
593.804,476.405,96.0489
596.122,477.894,221.019
598.44,479.383,345.988
724.657,229.419,96.5645
726.975,230.908,221.534
729.293,232.397,346.504
721.703,354.376,95.1305
724.021,355.865,220.1
726.339,357.354,345.07
718.748,479.333,93.6965
721.066,480.822,218.666
723.384,482.311,343.636
476.876,224.51,224.909
473.321,221.389,349.82
469.766,218.268,474.73
474.129,349.443,227.953
470.574,346.322,352.863
467.019,343.2,477.774
471.381,474.375,230.996
467.826,471.254,355.907
464.271,468.133,480.817
601.795,227.169,228.531
598.24,224.048,353.441
594.685,220.927,478.352
599.048,352.102,231.574
595.493,348.981,356.485
591.938,345.859,481.395
596.3,477.034,234.618
592.745,473.913,359.528
589.19,470.792,484.439
726.715,229.828,232.152
723.16,226.707,357.063
719.605,223.586,481.973
723.967,354.761,235.196
720.412,351.64,360.106
716.857,348.519,485.017
721.219,479.694,238.24
717.664,476.572,363.15
714.109,473.451,488.06
473.664,226.304,351.968
470.196,226.037,476.92
466.728,225.771,601.871
475.491,351.29,352.285
472.023,351.024,477.237
468.555,350.757,602.189
477.318,476.276,352.603
473.85,476.01,477.554
470.382,475.743,602.506
598.603,224.469,355.432
595.135,224.202,480.384
591.666,223.936,605.335
600.43,349.455,355.749
596.962,349.189,480.701
593.493,348.922,605.652
602.257,474.441,356.067
598.789,474.175,481.018
595.32,473.908,605.97
723.541,222.634,358.896
720.073,222.367,483.847
716.605,222.101,608.799
725.368,347.62,359.213
721.9,347.353,484.165
718.432,347.087,609.116
727.195,472.606,359.531
723.727,472.34,484.482
720.259,472.073,609.434
475.78,223.297,476.021
478.767,223.028,600.985
481.754,222.759,725.949
478.136,348.275,476.234
481.123,348.006,601.198
484.109,347.737,726.162
480.492,473.252,476.447
483.478,472.983,601.411
486.465,472.714,726.375
600.722,220.947,473.03
603.709,220.678,597.994
606.696,220.409,722.958
603.078,345.925,473.243
606.065,345.656,598.207
609.052,345.387,723.171
605.434,470.902,473.455
608.42,470.633,598.419
611.407,470.364,723.384
725.664,218.597,470.039
728.651,218.328,595.003
731.638,218.059,719.967
728.02,343.575,470.251
731.007,343.306,595.215
733.994,343.037,720.179
730.376,468.552,470.464
733.363,468.283,595.428
736.349,468.014,720.392
473.395,223.892,598.167
474.243,222.839,723.16
475.09,221.787,848.153
471.192,348.868,599.234
472.04,347.815,724.227
472.887,346.763,849.22
468.989,473.844,600.302
469.837,472.791,725.295
470.684,471.739,850.287
598.373,226.102,597.338
599.22,225.049,722.331
600.068,223.997,847.324
596.17,351.078,598.406
597.017,350.025,723.398
597.865,348.973,848.391
593.967,476.054,599.473
594.814,475.001,724.466
595.662,473.949,849.458
723.351,228.312,596.509
724.198,227.26,721.502
725.046,226.207,846.495
721.147,353.288,597.577
721.995,352.236,722.569
722.843,351.183,847.562
718.944,478.264,598.644
719.792,477.212,723.637
720.64,476.159,848.629
473.585,351.149,98.7998
471.757,352.927,223.774
469.928,354.704,348.748
470.716,476.103,96.9808
468.888,477.881,221.955
467.059,479.658,346.929
467.847,601.057,95.1617
466.019,602.834,220.136
464.191,604.612,345.11
598.539,354.044,100.587
596.71,355.822,225.561
594.882,357.599,350.535
595.67,478.998,98.7677
593.842,480.775,223.742
592.013,482.553,348.716
592.801,603.952,96.9486
590.973,605.729,221.923
589.144,607.507,346.897
723.493,356.939,102.374
721.664,358.716,227.348
719.836,360.494,352.322
720.624,481.893,100.555
718.795,483.67,225.529
716.967,485.448,350.503
717.755,606.847,98.7356
715.926,608.624,223.71
714.098,610.402,348.684
476.65,351.187,226.373
474.512,353.803,351.327
472.375,356.418,476.281
477.156,476.159,223.765
475.018,478.774,348.72
472.88,481.39,473.674
477.661,601.131,221.158
475.524,603.746,346.112
473.386,606.362,471.067
601.631,350.726,228.521
599.493,353.342,353.475
597.355,355.957,478.429
602.136,475.698,225.913
599.999,478.314,350.868
597.861,480.929,475.822
602.642,600.67,223.306
600.504,603.285,348.26
598.367,605.901,473.215
726.612,350.265,230.668
724.474,352.881,355.623
722.336,355.497,480.577
727.117,475.237,228.061
724.979,477.853,353.015
722.842,480.468,477.97
727.623,600.209,225.454
725.485,602.824,350.408
723.347,605.44,475.362
474.658,348.327,351.004
471.141,350.818,475.929
467.625,353.31,600.855
476.635,473.287,348.567
473.119,475.779,473.493
469.603,478.27,598.419
478.613,598.248,346.131
475.096,600.739,471.056
471.58,603.231,595.982
599.593,346.419,354.558
596.076,348.911,479.484
592.56,351.402,604.41
601.57,471.38,352.122
598.054,473.871,477.047
594.537,476.363,601.973
603.547,596.34,349.685
600.031,598.832,474.611
596.515,601.323,599.537
724.527,344.511,358.113
721.011,347.003,483.038
717.495,349.494,607.964
726.505,469.472,355.676
722.989,471.963,480.602
719.472,474.455,605.528
728.482,594.433,353.24
724.966,596.924,478.165
721.45,599.415,603.091
473.427,348.177,475.576
472.26,346.6,600.561
471.094,345.023,725.546
474.622,473.162,477.164
473.455,471.585,602.149
472.289,470.008,727.134
475.817,598.146,478.753
474.651,596.569,603.737
473.484,594.992,728.722
598.416,346.968,476.727
597.249,345.391,601.712
596.083,343.814,726.697
599.611,471.952,478.316
598.444,470.375,603.3
597.278,468.798,728.285
600.806,596.936,479.904
599.639,595.359,604.888
598.473,593.782,729.873
723.404,345.758,477.879
722.238,344.181,602.863
721.072,342.604,727.848
724.6,470.742,479.467
723.433,469.165,604.451
722.267,467.588,729.436
725.795,595.726,481.055
724.628,594.149,606.04
723.462,592.572,731.024
475.134,350.774,600.942
475.06,350.512,725.942
474.987,350.249,850.942
473.772,475.767,601.204
473.698,475.504,726.204
473.624,475.241,851.203
472.409,600.759,601.466
472.335,600.496,726.466
472.262,600.233,851.465
600.127,352.137,601.019
600.053,351.874,726.019
599.979,351.611,851.018
598.764,477.129,601.281
598.691,476.866,726.28
598.617,476.603,851.28
597.402,602.121,601.543
597.328,601.858,726.542
597.254,601.596,851.542
725.119,353.499,601.095
725.046,353.236,726.095
724.972,352.974,851.095
723.757,478.491,601.357
723.683,478.229,726.357
723.609,477.966,851.357
722.394,603.484,601.619
722.321,603.221,726.619
722.247,602.958,851.619
474.329,475.006,98.3593
471.244,474.446,223.32
468.16,473.885,348.281
473.695,600.004,98.9043
470.611,599.443,223.865
467.527,598.883,348.826
473.062,725.001,99.4493
469.978,724.44,224.41
466.893,723.88,349.371
599.289,475.626,101.446
596.205,475.066,226.407
593.121,474.505,351.368
598.656,600.623,101.991
595.571,600.063,226.952
592.487,599.502,351.913
598.022,725.621,102.536
594.938,725.06,227.497
591.854,724.5,352.458
724.249,476.246,104.533
721.165,475.686,229.494
718.081,475.125,354.455
723.616,601.243,105.078
720.532,600.683,230.039
717.448,600.122,355
722.982,726.24,105.623
719.898,725.68,230.584
716.814,725.119,355.545
475.189,476.317,223.749
472.875,472.987,348.684
470.561,469.658,473.618
473.135,601.256,227.041
470.82,597.927,351.975
468.506,594.597,476.909
471.08,726.196,230.333
468.766,722.867,355.267
466.452,719.537,480.201
600.151,478.309,226.117
597.837,474.98,351.052
595.522,471.65,475.986
598.096,603.249,229.409
595.782,599.919,354.343
593.468,596.59,479.277
596.042,728.189,232.7
593.727,724.859,357.635
591.413,721.53,482.569
725.112,480.302,228.485
722.798,476.972,353.419
720.484,473.643,478.354
723.058,605.241,231.777
720.744,601.912,356.711
718.43,598.582,481.645
721.003,730.181,235.068
718.689,726.852,360.002
716.375,723.522,484.937
473.413,476.817,350.126
472.835,478.114,475.118
472.257,479.41,600.11
474.775,601.803,348.835
474.196,603.1,473.827
473.618,604.396,598.819
476.136,726.789,347.545
475.557,728.086,472.537
474.979,729.382,597.529
598.405,475.462,350.718
597.826,476.759,475.71
597.248,478.055,600.702
599.766,600.448,349.428
599.187,601.744,474.42
598.609,603.041,599.412
601.127,725.434,348.137
600.549,726.73,473.129
599.97,728.027,598.121
723.396,474.107,351.311
722.818,475.403,476.303
722.239,476.7,601.295
724.757,599.093,350.02
724.179,600.389,475.012
723.6,601.686,600.004
726.118,724.079,348.73
725.54,725.375,473.722
724.961,726.672,598.714
474.505,474.577,473.428
474.959,475.935,598.419
475.414,477.293,723.411
471.751,599.539,472.08
472.206,600.898,597.071
472.66,602.256,722.063
468.998,724.502,470.732
469.452,725.86,595.724
469.907,727.218,720.715
599.473,477.325,472.943
599.928,478.683,597.935
600.382,480.042,722.927
596.72,602.288,471.595
597.175,603.646,596.587
597.629,605.004,721.579
593.967,727.25,470.247
594.421,728.608,595.239
594.876,729.966,720.231
724.442,480.073,472.459
724.897,481.432,597.451
725.351,482.79,722.443
721.689,605.036,471.111
722.143,606.394,596.103
722.598,607.752,721.095
718.936,729.998,469.763
719.39,731.357,594.755
719.844,732.715,719.747
476.999,474.982,600.424
479.776,473.874,725.388
482.554,472.765,850.353
480.279,599.935,601.46
483.057,598.827,726.424
485.834,597.718,851.388
483.56,724.888,602.495
486.337,723.779,727.459
489.115,722.671,852.423
601.925,471.726,597.618
604.703,470.618,722.583
607.48,469.509,847.547
605.205,596.679,598.654
607.983,595.57,723.618
610.76,594.462,848.582
608.486,721.631,599.689
611.263,720.523,724.654
614.041,719.414,849.618
726.851,468.47,594.813
729.629,467.361,719.777
732.406,466.253,844.741
730.131,593.422,595.848
732.909,592.314,720.813
735.686,591.205,845.777
733.412,718.375,596.884
736.189,717.266,721.848
738.967,716.158,846.812
474.425,599.683,101.672
473.229,602.403,226.637
472.032,605.123,351.601
474.781,724.653,98.9549
473.584,727.373,223.92
472.387,730.093,348.884
475.136,849.623,96.2379
473.939,852.343,221.203
472.743,855.063,346.167
599.419,599.353,102.876
598.223,602.074,227.841
597.026,604.794,352.805
599.775,724.323,100.159
598.578,727.044,225.124
597.381,729.764,350.088
600.13,849.293,97.442
598.933,852.014,222.407
597.736,854.734,347.371
724.413,599.024,104.08
723.216,601.745,229.045
722.02,604.465,354.009
724.768,723.994,101.363
723.572,726.715,226.328
722.375,729.435,351.292
725.124,848.964,98.6461
723.927,851.684,223.611
722.73,854.405,348.575
476.212,601.609,223.87
478.147,598.191,348.809
480.083,594.773,473.747
478.827,726.536,227.248
480.762,723.118,352.186
482.698,719.7,477.124
481.441,851.463,230.625
483.377,848.045,355.563
485.313,844.627,480.501
601.17,599.048,221.864
603.105,595.63,346.803
605.041,592.212,471.741
603.784,723.975,225.242
605.72,720.557,350.18
607.656,717.139,475.118
606.399,848.902,228.619
608.335,845.484,353.557
610.27,842.066,478.495
726.127,596.487,219.858
728.063,593.069,344.797
729.998,589.651,469.735
728.742,721.414,223.236
730.678,717.996,348.174
732.613,714.578,473.112
731.357,846.341,226.613
733.292,842.923,351.551
735.228,839.505,476.49
474.758,601.795,350.097
473.778,602.612,475.091
472.798,603.429,600.084
475.172,726.792,349.283
474.192,727.609,474.277
473.212,728.426,599.27
475.586,851.788,348.469
474.606,852.606,473.463
473.626,853.423,598.456
599.754,601.387,351.08
598.773,602.205,476.074
597.793,603.022,601.067
600.168,726.384,350.266
599.187,727.201,475.26
598.207,728.018,600.253
600.582,851.381,349.452
599.602,852.198,474.446
598.621,853.015,599.439
724.749,600.98,352.063
723.769,601.797,477.057
722.789,602.614,602.05
725.163,725.976,351.249
724.183,726.793,476.243
723.203,727.611,601.236
725.577,850.973,350.435
724.597,851.79,475.429
723.617,852.607,600.422
473.108,601.21,473.151
474.495,603.037,598.13
475.882,604.864,723.109
471.856,726.19,471.338
473.243,728.017,596.317
474.63,729.845,721.296
470.604,851.171,469.525
471.991,852.998,594.504
473.377,854.825,719.483
598.094,602.442,471.746
599.481,604.269,596.725
600.868,606.096,721.704
596.842,727.422,469.933
598.229,729.249,594.912
599.616,731.076,719.891
595.59,852.403,468.12
596.977,854.23,593.099
598.363,856.057,718.078
723.08,603.673,470.342
724.467,605.5,595.321
725.854,607.327,720.299
721.828,728.654,468.528
723.215,730.481,593.507
724.602,732.308,718.486
720.576,853.634,466.715
721.963,855.462,591.694
723.35,857.289,716.673
475.635,599.384,598.516
479.341,602.11,723.431
483.047,604.836,848.347
477.256,724.342,595.741
480.962,727.068,720.656
484.668,729.794,845.572
478.877,849.301,592.966
482.583,852.027,717.881
486.289,854.753,842.797
600.57,597.682,594.846
604.276,600.408,719.762
607.982,603.134,844.677
602.191,722.641,592.072
605.897,725.366,716.987
609.603,728.092,841.902
603.811,847.599,589.297
607.518,850.325,714.212
611.224,853.051,839.127
725.504,595.98,591.177
729.21,598.706,716.092
732.917,601.432,841.008
727.125,720.939,588.402
730.831,723.664,713.317
734.537,726.39,838.233
728.746,845.897,585.627
732.452,848.623,710.542
736.158,851.349,835.458
601.394,99.1728,98.009
598.326,101.117,222.956
595.259,103.062,347.904
598.466,224.122,95.9928
595.399,226.067,220.94
592.332,228.011,345.887
595.539,349.072,93.9765
592.471,351.016,218.924
589.404,352.96,343.871
726.322,102.148,101.03
723.254,104.093,225.977
720.187,106.037,350.924
723.394,227.098,99.0133
720.327,229.042,223.961
717.26,230.987,348.908
720.467,352.047,96.997
717.4,353.992,221.944
714.332,355.936,346.891
851.25,105.124,104.05
848.182,107.068,228.997
845.115,109.013,353.945
848.322,230.074,102.034
845.255,232.018,226.981
842.188,233.962,351.928
845.395,355.023,100.018
842.328,356.967,224.965
839.26,358.912,349.912
600.107,98.4321,226.949
599.349,101.394,351.912
598.591,104.355,476.875
600.992,223.394,223.993
600.234,226.356,348.956
599.476,229.317,473.918
601.878,348.356,221.037
601.12,351.318,346
600.361,354.279,470.962
725.102,97.5649,227.728
724.343,100.527,352.691
723.585,103.488,477.653
725.987,222.527,224.772
725.229,225.488,349.735
724.471,228.45,474.697
726.872,347.489,221.816
726.114,350.45,346.778
725.356,353.412,471.741
850.096,96.6978,228.507
849.338,99.6594,353.47
848.58,102.621,478.432
850.981,221.66,225.551
850.223,224.621,350.513
849.465,227.583,475.476
851.867,346.622,222.595
851.109,349.583,347.557
850.351,352.545,472.52
600.451,98.3084,349.901
603.717,98.0116,474.858
606.984,97.7149,599.814
603.939,223.26,350.106
607.206,222.963,475.063
610.473,222.666,600.02
607.428,348.211,350.312
610.694,347.914,475.269
613.961,347.617,600.226
725.359,94.8265,346.627
728.626,94.5297,471.584
731.893,94.2329,596.541
728.848,219.778,346.832
732.115,219.481,471.789
735.381,219.184,596.746
732.336,344.729,347.038
735.603,344.432,471.995
738.87,344.135,596.952
850.268,91.3445,343.353
853.535,91.0478,468.31
856.801,90.751,593.267
853.756,216.296,343.559
857.023,215.999,468.516
860.29,215.702,593.473
857.245,341.247,343.764
860.512,340.95,468.721
863.778,340.653,593.678
599.933,99.726,476.706
597.464,98.2905,601.673
594.994,96.855,726.64
596.45,224.67,478.072
593.981,223.234,603.039
591.511,221.799,728.007
592.967,349.614,479.438
590.497,348.178,604.406
588.028,346.743,729.373
724.86,103.181,479.214
722.391,101.746,604.181
719.921,100.31,729.149
721.377,228.125,480.581
718.908,226.69,605.548
716.438,225.254,730.515
717.894,353.069,481.947
715.424,351.634,606.914
712.955,350.198,731.882
849.788,106.637,481.723
847.318,105.201,606.69
844.848,103.766,731.657
846.304,231.581,483.089
843.835,230.145,608.056
841.365,228.71,733.024
842.821,356.525,484.456
840.351,355.089,609.423
837.882,353.653,734.39
600.883,101.291,600.452
604.154,103.6,725.388
607.425,105.908,850.324
597.751,226.232,598.226
601.021,228.541,723.161
604.292,230.849,848.097
594.618,351.173,595.999
597.889,353.482,720.935
601.159,355.79,845.871
725.801,104.364,597.125
729.072,106.673,722.061
732.343,108.981,846.997
722.669,229.305,594.899
725.939,231.614,719.834
729.21,233.922,844.77
719.536,354.246,592.672
722.807,356.554,717.608
726.077,358.863,842.544
850.719,107.437,593.798
853.99,109.745,718.734
857.261,112.054,843.67
847.587,232.378,591.572
850.857,234.686,716.507
854.128,236.995,841.443
844.454,357.319,589.345
847.725,359.627,714.281
850.995,361.936,839.217
600.009,223.133,99.6942
601.602,225.539,224.661
603.195,227.944,349.628
597.326,348.082,97.3232
598.919,350.487,222.29
600.512,352.893,347.257
594.642,473.03,94.9521
596.235,475.436,219.919
597.828,477.842,344.886
724.97,225.786,98.0503
726.563,228.191,223.017
728.156,230.597,347.984
722.287,350.734,95.6793
723.88,353.14,220.646
725.473,355.546,345.613
719.603,475.683,93.3082
721.196,478.089,218.275
722.789,480.494,343.242
849.931,228.438,96.4064
851.524,230.844,221.373
853.117,233.249,346.34
847.248,353.387,94.0354
848.841,355.793,219.002
850.434,358.198,343.969
844.564,478.336,91.6643
846.157,480.741,216.631
847.75,483.147,341.598
598.11,225.272,224.95
601.797,223.891,349.888
605.483,222.51,474.826
596.632,350.255,226.375
600.319,348.874,351.313
604.005,347.493,476.251
595.155,475.238,227.8
598.841,473.857,352.738
602.527,472.476,477.676
723.047,226.791,221.281
726.733,225.41,346.219
730.42,224.029,471.157
721.569,351.774,222.706
725.256,350.393,347.644
728.942,349.012,472.582
720.091,476.757,224.13
723.778,475.376,349.068
727.464,473.996,474.006
847.984,228.31,217.611
851.67,226.929,342.549
855.357,225.548,467.487
846.506,353.293,219.036
850.192,351.912,343.974
853.879,350.532,468.912
845.028,478.276,220.461
848.715,476.895,345.399
852.401,475.515,470.337
599.416,224.491,351.551
595.979,225.6,476.499
592.542,226.71,601.447
600.554,349.481,350.473
597.117,350.591,475.421
593.681,351.7,600.369
601.693,474.472,349.395
598.256,475.581,474.343
594.819,476.69,599.29
724.363,223.383,354.998
720.926,224.492,479.946
717.489,225.601,604.894
725.502,348.373,353.92
722.065,349.482,478.868
718.628,350.591,603.815
726.64,473.363,352.841
723.204,474.472,477.789
719.767,475.581,602.737
849.311,222.274,358.445
845.874,223.383,483.393
842.437,224.493,608.34
850.449,347.264,357.366
847.012,348.374,482.314
843.576,349.483,607.262
851.588,472.254,356.288
848.151,473.364,481.236
844.714,474.473,606.184
601.196,226.04,475.382
601.836,227.72,600.369
602.476,229.4,725.356
602.351,351.024,473.696
602.991,352.703,598.683
603.631,354.383,723.67
603.506,476.007,472.01
604.146,477.687,596.997
604.785,479.366,721.984
726.189,224.877,474.757
726.829,226.557,599.744
727.469,228.237,724.731
727.344,349.86,473.072
727.984,351.54,598.059
728.624,353.22,723.046
728.499,474.844,471.386
729.139,476.524,596.373
729.779,478.203,721.36
851.182,223.714,474.133
851.822,225.394,599.12
852.462,227.073,724.107
852.337,348.697,472.447
852.977,350.377,597.434
853.617,352.057,722.421
853.492,473.681,470.762
854.132,475.36,595.749
854.772,477.04,720.736
598.151,223.324,601.618
598.944,224.852,726.606
599.737,226.38,851.594
596.226,348.3,600.102
597.019,349.828,725.09
597.812,351.356,850.078
594.302,473.276,598.587
595.094,474.804,723.575
595.887,476.332,848.563
723.134,225.239,600.802
723.927,226.767,725.79
724.719,228.295,850.778
721.209,350.215,599.286
722.002,351.743,724.274
722.794,353.271,849.262
719.284,475.191,597.77
720.077,476.719,722.759
720.87,478.247,847.747
848.117,227.154,599.985
848.909,228.682,724.974
849.702,230.21,849.962
846.192,352.13,598.47
846.984,353.658,723.458
847.777,355.186,848.446
844.267,477.106,596.954
845.06,478.634,721.943
845.852,480.162,846.931
598.766,351.835,99.3292
600.759,351.128,224.311
602.751,350.421,349.293
598.349,476.832,100.043
600.342,476.125,225.025
602.334,475.419,350.007
597.932,601.829,100.756
599.925,601.123,225.738
601.917,600.416,350.72
723.75,352.263,97.3393
725.742,351.556,222.321
727.734,350.85,347.304
723.333,477.26,98.0527
725.325,476.554,223.035
727.317,475.847,348.017
722.916,602.258,98.7662
724.908,601.551,223.748
726.9,600.844,348.73
848.733,352.691,95.3494
850.725,351.985,220.332
852.718,351.278,345.314
848.316,477.689,96.0628
850.309,476.982,221.045
852.301,476.275,346.027
847.899,602.686,96.7763
849.892,601.979,221.758
851.884,601.272,346.741
598.956,351.644,225.592
596.65,351.732,350.57
594.344,351.82,475.549
601.298,476.623,225.547
598.993,476.71,350.526
596.687,476.798,475.505
603.641,601.601,225.503
601.335,601.688,350.482
599.029,601.776,475.461
723.913,349.303,227.899
721.607,349.391,352.878
719.301,349.478,477.856
726.255,474.281,227.854
723.949,474.369,352.833
721.644,474.456,477.812
728.598,599.259,227.81
726.292,599.347,352.789
723.986,599.434,477.768
848.869,346.962,230.206
846.564,347.049,355.185
844.258,347.137,480.163
851.212,471.94,230.161
848.906,472.027,355.14
846.6,472.115,480.119
853.554,596.918,230.117
851.249,597.005,355.096
848.943,597.093,480.075
599.388,349.929,348.509
600.081,351.905,473.492
600.775,353.881,598.474
598.785,474.912,346.537
599.478,476.888,471.519
600.172,478.864,596.502
598.182,599.895,344.565
598.875,601.871,469.547
599.569,603.847,594.529
724.384,350.521,347.806
725.078,352.497,472.789
725.771,354.473,597.771
723.781,475.504,345.834
724.475,477.48,470.817
725.168,479.456,595.799
723.178,600.487,343.862
723.872,602.463,468.844
724.565,604.439,593.827
849.381,351.113,347.104
850.074,353.089,472.086
850.768,355.065,597.068
848.778,476.096,345.131
849.471,478.072,470.114
850.165,480.048,595.096
848.175,601.079,343.159
848.869,603.055,468.141
849.562,605.03,593.124
598.443,350.149,476.379
594.936,352.021,601.316
591.429,353.892,726.253
598.18,475.135,474.5
594.673,477.006,599.437
591.166,478.877,724.373
597.917,600.121,472.621
594.41,601.992,597.557
590.903,603.863,722.494
723.394,350.465,479.882
719.886,352.336,604.819
716.379,354.207,729.755
723.13,475.451,478.003
719.623,477.322,602.939
716.116,479.193,727.876
722.867,600.436,476.123
719.36,602.308,601.06
715.853,604.179,725.997
848.344,350.781,483.384
844.837,352.652,608.321
841.33,354.523,733.258
848.081,475.767,481.505
844.574,477.638,606.442
841.067,479.509,731.379
847.818,600.752,479.626
844.311,602.623,604.563
840.804,604.494,729.5
600.618,349.887,599.555
596.937,351.621,724.489
593.256,353.356,849.423
597.837,474.843,597.739
594.155,476.577,722.673
590.474,478.311,847.606
595.055,599.799,595.923
591.374,601.533,720.856
587.692,603.267,845.79
725.533,352.721,603.197
721.852,354.455,728.131
718.17,356.189,853.064
722.752,477.677,601.38
719.07,479.411,726.314
715.389,481.145,851.248
719.97,602.632,599.564
716.289,604.367,724.498
712.607,606.101,849.431
850.448,355.554,606.838
846.767,357.288,731.772
843.085,359.023,856.706
847.666,480.51,605.022
843.985,482.244,729.956
840.304,483.978,854.889
844.885,605.466,603.205
841.203,607.2,728.139
837.522,608.934,853.073
601.591,476.579,100.066
600.897,475.264,225.057
600.203,473.949,350.048
600.107,601.563,101.373
599.413,600.248,226.364
598.72,598.933,351.355
598.624,726.548,102.679
597.93,725.233,227.671
597.236,723.918,352.662
726.58,478.055,100.776
725.886,476.74,225.767
725.192,475.425,350.758
725.097,603.04,102.082
724.403,601.725,227.073
723.709,600.41,352.065
723.613,728.024,103.389
722.919,726.709,228.38
722.225,725.394,353.371
851.57,479.531,101.485
850.876,478.216,226.476
850.182,476.902,351.467
850.086,604.516,102.792
849.392,603.201,227.783
848.698,601.886,352.774
848.602,729.5,104.098
847.908,728.185,229.089
847.214,726.87,354.081
601.183,473.918,226.135
597.505,477.039,351.042
593.827,480.159,475.949
601.686,598.879,223.028
598.008,601.999,347.935
594.33,605.12,472.842
602.189,723.839,219.921
598.511,726.96,344.828
594.833,730.08,469.735
726.128,473.507,229.825
722.45,476.628,354.732
718.772,479.748,479.638
726.631,598.468,226.717
722.953,601.588,351.624
719.275,604.709,476.531
727.134,723.428,223.61
723.456,726.549,348.517
719.778,729.669,473.424
851.073,473.096,233.514
847.395,476.217,358.421
843.717,479.337,483.328
851.576,598.057,230.407
847.898,601.177,355.314
844.22,604.298,480.221
852.079,723.017,227.3
848.401,726.137,352.207
844.722,729.258,477.114
601.095,475.409,351.119
600.922,478.071,476.091
600.75,480.733,601.062
603.923,600.348,348.462
603.751,603.01,473.433
603.578,605.672,598.405
606.752,725.288,345.804
606.579,727.95,470.776
606.406,730.612,595.748
726.063,472.585,351.352
725.89,475.247,476.324
725.718,477.909,601.295
728.891,597.525,348.695
728.719,600.186,473.666
728.546,602.848,598.638
731.719,722.464,346.037
731.547,725.126,471.009
731.374,727.788,595.98
851.031,469.761,351.585
850.858,472.423,476.556
850.686,475.085,601.528
853.859,594.701,348.928
853.686,597.363,473.899
853.514,600.025,598.871
856.687,719.64,346.27
856.515,722.302,471.242
856.342,724.964,596.213
600.979,475.329,475.381
603.79,472.921,600.326
606.6,470.513,725.272
603.589,600.279,477.731
606.399,597.871,602.676
609.209,595.463,727.621
606.199,725.23,480.08
609.009,722.822,605.025
611.819,720.414,729.97
725.921,472.773,472.522
728.731,470.365,597.467
731.541,467.957,722.412
728.53,597.724,474.871
731.34,595.316,599.816
734.15,592.908,724.762
731.14,722.674,477.221
733.95,720.266,602.166
736.76,717.858,727.111
850.862,470.217,469.663
853.672,467.809,594.608
856.482,465.401,719.553
853.471,595.168,472.012
856.281,592.76,596.957
859.092,590.352,721.902
856.081,720.119,474.361
858.891,717.711,599.306
861.701,715.303,724.252
598.826,474.428,599.963
602.138,470.935,724.871
605.45,467.443,849.778
599.69,599.377,603.434
603.002,595.884,728.342
606.314,592.391,853.249
600.554,724.325,606.905
603.865,720.833,731.813
607.177,717.34,856.72
723.78,473.657,596.629
727.091,470.164,721.536
730.403,466.672,846.444
724.643,598.606,600.1
727.955,595.113,725.007
731.267,591.62,849.914
725.507,723.554,603.571
728.819,720.062,728.478
732.13,716.569,853.385
848.733,472.886,593.294
852.044,469.393,718.202
855.356,465.901,843.109
849.596,597.835,596.765
852.908,594.342,721.673
856.22,590.849,846.58
850.46,722.783,600.236
853.772,719.291,725.143
857.083,715.798,850.051
599.063,600.468,100.793
596.413,598.105,225.742
593.762,595.742,350.692
599.769,725.444,103.171
597.118,723.081,228.121
594.468,720.718,353.07
600.474,850.419,105.55
597.824,848.056,230.499
595.173,845.693,355.449
724.033,599.713,103.429
721.383,597.35,228.379
718.732,594.987,353.329
724.739,724.688,105.808
722.088,722.325,230.758
719.438,719.962,355.707
725.444,849.664,108.187
722.794,847.3,233.136
720.143,844.937,358.086
849.003,598.957,106.066
846.353,596.594,231.016
843.702,594.231,355.965
849.709,723.933,108.445
847.058,721.57,233.394
844.407,719.206,358.344
850.414,848.908,110.823
847.763,846.545,235.773
845.113,844.182,360.722
599.762,599.967,225.654
602.129,603.225,350.589
604.496,606.482,475.525
599.404,724.924,222.403
601.771,728.182,347.338
604.137,731.44,472.273
599.046,849.881,219.151
601.412,853.139,344.086
603.779,856.397,469.021
724.74,600.263,223.279
727.106,603.521,348.214
729.473,606.779,473.149
724.381,725.22,220.028
726.748,728.478,344.963
729.114,731.736,469.898
724.023,850.178,216.776
726.39,853.435,341.711
728.756,856.693,466.646
849.717,600.56,220.904
852.083,603.818,345.839
854.45,607.075,470.774
849.358,725.517,217.652
851.725,728.775,342.588
854.091,732.033,467.523
849,850.474,214.401
851.367,853.732,339.336
853.733,856.99,464.271
600.034,601.067,348.886
600.1,603.714,473.858
600.167,606.361,598.829
600.644,726.038,346.239
600.711,728.684,471.21
600.778,731.331,596.182
601.255,851.008,343.592
601.321,853.655,468.563
601.388,856.301,593.535
725.032,600.455,348.832
725.099,603.102,473.804
725.165,605.749,598.776
725.643,725.426,346.185
725.709,728.072,471.157
725.776,730.719,596.129
726.253,850.396,343.538
726.32,853.043,468.51
726.387,855.69,593.482
850.031,599.843,348.778
850.097,602.49,473.75
850.164,605.137,598.722
850.641,724.814,346.131
850.708,727.461,471.103
850.775,730.107,596.075
851.252,849.784,343.484
851.318,852.431,468.456
851.385,855.078,593.428
600.259,600.284,475.463
597.558,600.549,600.433
594.857,600.814,725.404
601.311,725.279,475.221
598.61,725.544,600.191
595.909,725.809,725.162
602.363,850.275,474.978
599.662,850.54,599.949
596.961,850.805,724.919
725.225,599.238,478.166
722.524,599.502,603.136
719.823,599.767,728.107
726.277,724.233,477.923
723.576,724.498,602.894
720.875,724.763,727.864
727.329,849.228,477.681
724.628,849.493,602.652
721.927,849.758,727.622
850.191,598.191,480.869
847.491,598.456,605.839
844.79,598.721,730.81
851.243,723.186,480.626
848.543,723.451,605.597
845.842,723.716,730.567
852.295,848.182,480.384
849.595,848.447,605.355
846.894,848.712,730.325
599.295,601.829,600.953
602.849,599.808,725.886
606.403,597.788,850.819
598.753,726.811,602.989
602.307,724.791,727.922
605.861,722.77,852.855
598.212,851.793,605.026
601.766,849.773,729.959
605.32,847.753,854.892
724.243,602.428,597.408
727.797,600.408,722.341
731.351,598.387,847.274
723.702,727.41,599.444
727.256,725.39,724.378
730.81,723.37,849.311
723.16,852.392,601.481
726.714,850.372,726.414
730.268,848.352,851.347
849.191,603.027,593.863
852.746,601.007,718.796
856.3,598.986,843.729
848.65,728.009,595.9
852.204,725.989,720.833
855.758,723.969,845.766
848.108,852.992,597.936
851.662,850.971,722.869
855.216,848.951,847.802
