27,125,OUTPUT/pa2-debug-e-output-1.txt
202.175,206.345,186.939
314.478,323.95,136.232
98.0653,99.9453,100.552
100.353,98.4702,225.523
102.641,96.9951,350.493
95.7749,224.915,102.069
98.0628,223.44,227.04
100.351,221.965,352.01
93.4845,349.885,103.586
95.7724,348.41,228.557
98.0603,346.935,353.527
223.023,102.263,98.292
225.311,100.788,223.262
227.599,99.3127,348.233
220.733,227.233,99.809
223.021,225.758,224.779
225.309,224.283,349.75
218.443,352.203,101.326
220.73,350.727,226.296
223.018,349.252,351.267
347.981,104.581,96.0317
350.269,103.105,221.002
352.557,101.63,345.972
345.691,229.55,97.5487
347.979,228.075,222.519
350.267,226.6,347.489
343.401,354.52,99.0657
345.689,353.045,224.036
347.976,351.57,349.006
101.267,100.348,225.396
102.1,101.527,350.388
102.934,102.706,475.379
103.096,225.329,224.205
103.929,226.508,349.196
104.763,227.687,474.188
104.925,350.31,223.014
105.758,351.489,348.005
106.591,352.668,472.997
226.251,98.5115,224.58
227.084,99.6906,349.572
227.918,100.87,474.563
228.08,223.492,223.389
228.913,224.672,348.381
229.746,225.851,473.372
229.909,348.473,222.198
230.742,349.652,347.189
231.575,350.832,472.181
351.235,96.6749,223.764
352.068,97.854,348.756
352.901,99.0331,473.747
353.064,221.656,222.573
353.897,222.835,347.565
354.73,224.014,472.556
354.892,346.637,221.382
355.726,347.816,346.373
356.559,348.995,471.365
99.9847,98.1768,349.376
99.8589,99.0442,474.373
99.733,99.9116,599.37
97.3321,223.146,348.506
97.2062,224.013,473.503
97.0804,224.88,598.5
94.6794,348.114,347.636
94.5535,348.982,472.633
94.4277,349.849,597.63
224.957,100.83,349.483
224.831,101.698,474.48
224.705,102.565,599.477
222.304,225.799,348.614
222.178,226.667,473.61
222.052,227.534,598.607
219.651,350.768,347.744
219.525,351.635,472.741
219.399,352.503,597.738
349.928,103.484,349.591
349.802,104.351,474.588
349.677,105.219,599.585
347.276,228.453,348.721
347.15,229.32,473.718
347.024,230.187,598.715
344.623,353.421,347.851
344.497,354.289,472.848
344.371,355.156,597.845
98.3938,98.3835,475.983
99.6261,95.7905,600.95
100.858,93.1975,725.917
98.0087,223.356,478.58
99.2411,220.763,603.547
100.473,218.17,728.514
97.6236,348.328,481.177
98.856,345.735,606.144
100.088,343.142,731.111
223.387,98.7941,474.759
224.619,96.2011,599.726
225.852,93.6081,724.693
223.002,223.767,477.356
224.234,221.174,602.323
225.467,218.581,727.29
222.617,348.739,479.953
223.849,346.146,604.92
225.082,343.553,729.887
348.38,99.2047,473.535
349.613,96.6117,598.502
350.845,94.0187,723.469
347.995,224.177,476.132
349.228,221.584,601.099
350.46,218.991,726.066
347.61,349.15,478.729
348.843,346.557,603.696
350.075,343.964,728.663
101.096,98.132,598.657
103.475,95.2249,723.601
105.853,92.3178,848.544
99.4921,223.087,601.595
101.87,220.18,726.539
104.249,217.273,851.482
97.8877,348.042,604.533
100.266,345.135,729.477
102.644,342.228,854.42
226.064,99.7916,596.317
228.442,96.8844,721.261
230.82,93.9773,846.204
224.459,224.747,599.255
226.837,221.84,724.199
229.216,218.932,849.142
222.855,349.702,602.193
225.233,346.795,727.136
227.611,343.888,852.08
351.031,101.451,593.977
353.409,98.544,718.921
355.787,95.6369,843.864
349.426,226.406,596.915
351.804,223.499,721.858
354.183,220.592,846.802
347.822,351.361,599.853
350.2,348.454,724.796
352.578,345.547,849.74
99.055,226.582,99.1686
97.7671,228.296,224.15
96.4793,230.01,349.132
97.8454,351.564,97.4422
96.5576,353.278,222.424
95.2697,354.992,347.405
96.6358,476.546,95.7157
95.348,478.26,220.697
94.0602,479.974,345.679
224.042,227.809,100.44
222.755,229.523,225.421
221.467,231.237,350.403
222.833,352.791,98.7132
221.545,354.505,223.695
220.257,356.219,348.676
221.623,477.774,96.9868
220.335,479.488,221.968
219.048,481.201,346.95
349.03,229.036,101.711
347.742,230.75,226.692
346.454,232.464,351.674
347.82,354.019,99.9843
346.533,355.733,224.966
345.245,357.446,349.947
346.611,479.001,98.2578
345.323,480.715,223.239
344.035,482.429,348.221
98.2252,224.701,225.847
96.1733,226.143,350.822
94.1214,227.586,475.797
99.2404,349.689,224.421
97.1885,351.131,349.396
95.1366,352.574,474.371
100.256,474.676,222.995
98.2037,476.119,347.97
96.1517,477.561,472.945
223.204,223.709,227.91
221.152,225.152,352.885
219.1,226.594,477.86
224.219,348.697,226.484
222.168,350.14,351.459
220.116,351.582,476.434
225.235,473.685,225.058
223.183,475.127,350.033
221.131,476.57,475.008
348.183,222.718,229.974
346.131,224.16,354.949
344.079,225.603,479.924
349.198,347.706,228.548
347.147,349.148,353.523
345.095,350.591,478.498
350.214,472.693,227.122
348.162,474.136,352.097
346.11,475.578,477.072
101.311,223.365,348.85
98.8255,220.971,473.802
96.3404,218.577,598.755
102.46,348.336,351.267
99.9753,345.942,476.219
97.4902,343.548,601.172
103.61,473.308,353.684
101.125,470.914,478.637
98.64,468.52,603.589
226.281,222.167,351.312
223.795,219.773,476.265
221.31,217.379,601.217
227.43,347.139,353.73
224.945,344.745,478.682
222.46,342.351,603.634
228.58,472.11,356.147
226.095,469.716,481.099
223.61,467.322,606.051
351.251,220.97,353.775
348.765,218.576,478.727
346.28,216.182,603.68
352.4,345.941,356.192
349.915,343.547,481.144
347.43,341.153,606.097
353.55,470.913,358.609
351.065,468.519,483.562
348.58,466.125,608.514
98.4898,224.424,475.05
99.4771,226.266,600.033
100.464,228.107,725.015
96.1508,349.389,473.227
97.138,351.23,598.209
98.1253,353.072,723.192
93.8117,474.353,471.404
94.799,476.195,596.386
95.7862,478.037,721.369
223.464,226.748,474.029
224.451,228.59,599.011
225.439,230.432,723.994
221.125,351.713,472.206
222.112,353.555,597.188
223.099,355.396,722.171
218.786,476.678,470.382
219.773,478.52,595.365
220.76,480.361,720.348
348.438,229.072,473.007
349.425,230.914,597.99
350.413,232.756,722.972
346.099,354.037,471.184
347.086,355.879,596.167
348.074,357.721,721.149
343.76,479.002,469.361
344.747,480.844,594.344
345.735,482.686,719.326
101.196,225.739,601.104
101.072,223.404,726.082
100.948,221.069,851.06
103.608,350.694,603.441
103.484,348.359,728.419
103.36,346.024,853.397
106.021,475.649,605.778
105.896,473.314,730.756
105.772,470.979,855.734
226.173,223.325,601.183
226.049,220.99,726.161
225.925,218.655,851.139
228.585,348.28,603.52
228.461,345.945,728.498
228.337,343.61,853.476
230.997,473.235,605.857
230.873,470.9,730.835
230.749,468.565,855.813
351.15,220.911,601.262
351.025,218.576,726.24
350.901,216.241,851.218
353.562,345.866,603.599
353.438,343.531,728.577
353.313,341.196,853.555
355.974,470.821,605.936
355.85,468.486,730.914
355.726,466.151,855.892
101.19,350.971,98.1035
99.3657,352.809,223.077
97.5413,354.647,348.05
99.7398,475.948,96.2443
97.9154,477.786,221.217
96.091,479.624,346.191
98.2895,600.926,94.3851
96.4651,602.764,219.358
94.6407,604.602,344.331
226.168,352.448,99.9062
224.344,354.286,224.879
222.52,356.124,349.853
224.718,477.426,98.047
222.894,479.264,223.02
221.069,481.101,347.993
223.268,602.403,96.1878
221.443,604.241,221.161
219.619,606.079,346.134
351.147,353.925,101.709
349.322,355.763,226.682
347.498,357.601,351.655
349.696,478.903,99.8498
347.872,480.741,224.823
346.048,482.579,349.796
348.246,603.88,97.9906
346.422,605.718,222.964
344.597,607.556,347.937
98.1144,351.648,223.052
97.7002,349.731,348.037
97.286,347.814,473.022
95.8745,476.613,224.962
95.4603,474.696,349.946
95.0461,472.779,474.931
93.6345,601.578,226.871
93.2203,599.661,351.855
92.8061,597.745,476.84
223.094,353.881,223.501
222.679,351.964,348.485
222.265,350.047,473.47
220.854,478.846,225.41
220.44,476.929,350.395
220.025,475.013,475.379
218.614,603.812,227.319
218.2,601.895,352.304
217.785,599.978,477.288
348.073,356.114,223.949
347.659,354.197,348.934
347.245,352.281,473.918
345.833,481.08,225.858
345.419,479.163,350.843
345.005,477.246,475.828
343.593,606.045,227.768
343.179,604.128,352.752
342.765,602.211,477.737
99.7395,350.929,350.315
98.5903,351.129,475.309
97.441,351.329,600.304
101.846,475.911,350.134
100.697,476.111,475.128
99.5474,476.311,600.123
103.952,600.893,349.953
102.803,601.093,474.947
101.654,601.294,599.942
224.716,348.824,351.467
223.567,349.024,476.462
222.418,349.225,601.456
226.823,473.806,351.286
225.674,474.006,476.281
224.524,474.207,601.275
228.929,598.788,351.105
227.78,598.989,476.1
226.631,599.189,601.094
349.693,346.719,352.62
348.544,346.92,477.614
347.395,347.12,602.609
351.8,471.701,352.438
350.651,471.902,477.433
349.501,472.102,602.428
353.906,596.684,352.257
352.757,596.884,477.252
351.608,597.084,602.247
98.4296,349.43,477.001
94.9552,352.748,601.909
91.4807,356.066,726.817
97.4494,474.381,473.655
93.9749,477.699,598.562
90.5005,481.018,723.47
96.4691,599.332,470.308
92.9947,602.651,595.216
89.5202,605.969,720.123
223.377,350.502,480.449
219.903,353.821,605.356
216.429,357.139,730.264
222.397,475.454,477.102
218.923,478.772,602.009
215.448,482.09,726.917
221.417,600.405,473.755
217.943,603.723,598.663
214.468,607.042,723.57
348.325,351.575,483.896
344.851,354.893,608.803
341.376,358.211,733.711
347.345,476.526,480.549
343.871,479.844,605.456
340.396,483.163,730.364
346.365,601.477,477.202
342.89,604.796,602.11
339.416,608.114,727.017
99.1126,349.222,601.716
99.7656,349.115,726.714
100.419,349.007,851.713
95.8801,474.18,601.84
96.5331,474.073,726.839
97.1862,473.966,851.837
92.6476,599.138,601.964
93.3006,599.031,726.963
93.9537,598.924,851.961
224.069,352.455,601.066
224.722,352.348,726.064
225.375,352.241,851.062
220.837,477.413,601.19
221.49,477.306,726.188
222.143,477.199,851.187
217.604,602.372,601.314
218.257,602.264,726.313
218.91,602.157,851.311
349.026,355.688,600.416
349.679,355.581,725.414
350.332,355.474,850.412
345.793,480.646,600.54
346.446,480.539,725.538
347.099,480.432,850.537
342.561,605.605,600.664
343.214,605.497,725.663
343.867,605.39,850.661
100.752,476.057,101.867
97.3205,478.124,226.802
93.8887,480.191,351.738
102.604,601.027,99.8499
99.1718,603.094,224.786
95.7399,605.161,349.721
104.455,725.997,97.8332
101.023,728.064,222.769
97.5912,730.131,347.705
225.692,474.262,105.328
222.26,476.329,230.264
218.828,478.396,355.2
227.543,599.232,103.312
224.111,601.299,228.247
220.679,603.366,353.183
229.394,724.202,101.295
225.962,726.269,226.231
222.53,728.336,351.166
350.631,472.467,108.79
347.199,474.534,233.726
343.767,476.601,358.661
352.482,597.437,106.773
349.05,599.504,231.709
345.618,601.571,356.645
354.333,722.407,104.756
350.901,724.474,229.692
347.469,726.541,354.628
98.6758,475.959,225.528
95.8122,472.681,350.452
92.9485,469.403,475.377
99.2895,600.914,228.821
96.4258,597.636,353.745
93.5621,594.358,478.67
99.9031,725.869,232.114
97.0394,722.591,357.038
94.1757,719.313,481.963
223.642,475.27,228.375
220.778,471.992,353.299
217.914,468.714,478.223
224.255,600.226,231.668
221.391,596.947,356.592
218.528,593.669,481.516
224.869,725.181,234.961
222.005,721.903,359.885
219.141,718.624,484.809
348.607,474.582,231.221
345.744,471.304,356.146
342.88,468.026,481.07
349.221,599.537,234.514
346.357,596.259,359.438
343.493,592.981,484.363
349.834,724.492,237.807
346.971,721.214,362.731
344.107,717.936,487.656
101.261,476.523,350.999
104.394,473.447,475.922
107.527,470.37,600.844
99.5932,601.473,354.118
102.726,598.397,479.041
105.859,595.32,603.964
97.9259,726.423,357.237
101.059,723.347,482.16
104.192,720.27,607.083
226.21,478.268,347.908
229.343,475.191,472.831
232.476,472.115,597.754
224.543,603.218,351.027
227.676,600.141,475.95
230.809,597.065,600.873
222.875,728.168,354.146
226.009,725.091,479.069
229.142,722.014,603.992
351.16,480.012,344.817
354.293,476.936,469.74
357.426,473.859,594.663
349.492,604.962,347.936
352.626,601.886,472.859
355.759,598.809,597.782
347.825,729.912,351.055
350.958,726.836,475.978
354.091,723.759,600.901
99.4387,475.288,473.087
98.8971,472.627,598.058
98.3555,469.966,723.028
99.9757,600.258,475.75
99.434,597.598,600.721
98.8924,594.937,725.691
100.513,725.229,478.413
99.971,722.568,603.384
99.4294,719.907,728.354
224.436,474.739,473.617
223.895,472.079,598.588
223.353,469.418,723.558
224.973,599.71,476.28
224.432,597.049,601.251
223.89,594.388,726.221
225.51,724.68,478.943
224.969,722.02,603.914
224.427,719.359,728.884
349.434,474.191,474.147
348.892,471.53,599.118
348.351,468.87,724.088
349.971,599.162,476.81
349.429,596.501,601.781
348.888,593.84,726.751
350.508,724.132,479.473
349.966,721.471,604.444
349.425,718.811,729.414
99.0023,475.188,600.713
100.279,473.76,725.699
101.556,472.332,850.684
100.023,600.176,602.131
101.299,598.748,727.116
102.576,597.32,852.102
101.043,725.164,603.549
102.32,723.736,728.534
103.596,722.308,853.519
223.992,474.182,599.425
225.268,472.754,724.41
226.545,471.326,849.396
225.012,599.17,600.843
226.289,597.742,725.828
227.565,596.314,850.813
226.032,724.158,602.26
227.309,722.73,727.246
228.586,721.302,852.231
348.981,473.177,598.137
350.258,471.749,723.122
351.534,470.321,848.107
350.001,598.164,599.555
351.278,596.736,724.54
352.555,595.308,849.525
351.022,723.152,600.972
352.298,721.724,725.958
353.575,720.296,850.943
98.9882,598.477,99.4659
99.9671,600.217,224.45
100.946,601.956,349.434
96.2818,723.436,97.7476
97.2608,725.175,222.732
98.2397,726.915,347.716
93.5755,848.395,96.0293
94.5545,850.134,221.013
95.5334,851.874,345.997
223.955,601.169,98.4497
224.934,602.909,223.434
225.913,604.649,348.418
221.249,726.128,96.7314
222.228,727.868,221.715
223.207,729.608,346.699
218.542,851.087,95.0131
219.521,852.827,219.997
220.5,854.567,344.981
348.922,603.862,97.4334
349.901,605.602,222.417
350.88,607.341,347.401
346.216,728.821,95.7151
347.195,730.56,220.699
348.173,732.3,345.683
343.509,853.78,93.9968
344.488,855.519,218.981
345.467,857.259,343.965
101.658,600.342,223.41
99.8474,603.178,348.364
98.0371,606.015,473.319
104.739,725.272,220.618
102.929,728.109,345.573
101.119,730.946,470.527
107.821,850.203,217.827
106.011,853.04,342.781
104.2,855.877,467.736
226.607,597.301,225.289
224.796,600.138,350.243
222.986,602.975,475.198
229.688,722.232,222.497
227.878,725.069,347.452
226.068,727.906,472.407
232.77,847.163,219.706
230.96,850,344.66
229.149,852.836,469.615
351.555,594.261,227.168
349.745,597.098,352.123
347.935,599.935,477.077
354.637,719.192,224.376
352.827,722.029,349.331
351.017,724.865,474.286
357.719,844.123,221.585
355.909,846.96,346.54
354.098,849.796,471.494
100.811,601.974,351.384
101.431,601.213,476.38
102.051,600.451,601.376
100.433,726.971,352.147
101.053,726.21,477.143
101.673,725.448,602.14
100.054,851.968,352.911
100.674,851.207,477.907
101.294,850.445,602.903
225.809,602.356,350.766
226.429,601.595,475.762
227.049,600.833,600.759
225.431,727.354,351.53
226.051,726.592,476.526
226.671,725.831,601.522
225.052,852.351,352.293
225.672,851.589,477.289
226.292,850.828,602.285
350.807,602.739,350.149
351.427,601.977,475.145
352.047,601.216,600.141
350.429,727.736,350.912
351.049,726.974,475.908
351.669,726.213,600.904
350.05,852.733,351.675
350.67,851.971,476.672
351.29,851.21,601.668
98.4454,599.598,473.955
94.9062,596.031,598.854
91.3669,592.463,723.753
99.4908,724.542,477.554
95.9516,720.974,602.453
92.4124,717.407,727.352
100.536,849.486,481.152
96.9971,845.918,606.051
93.4579,842.35,730.95
223.391,598.452,477.463
219.852,594.884,602.362
216.312,591.316,727.261
224.436,723.396,481.061
220.897,719.828,605.96
217.358,716.26,730.859
225.482,848.34,484.66
221.943,844.772,609.559
218.403,841.204,734.458
348.336,597.305,480.97
344.797,593.738,605.869
341.258,590.17,730.768
349.382,722.249,484.569
345.843,718.681,609.468
342.303,715.114,734.367
350.427,847.193,488.168
346.888,843.625,613.067
343.349,840.057,737.966
100.427,601.061,598.842
97.1714,601.128,723.8
93.9155,601.194,848.757
102.283,726.048,598.824
99.0273,726.114,723.782
95.7714,726.18,848.739
104.139,851.034,598.806
100.883,851.1,723.763
97.6273,851.167,848.721
225.371,599.207,602.099
222.115,599.273,727.056
218.859,599.339,852.014
227.227,724.193,602.081
223.971,724.259,727.038
220.715,724.326,851.996
229.083,849.179,602.062
225.827,849.245,727.02
222.571,849.312,851.978
350.315,597.352,605.355
347.059,597.418,730.313
343.803,597.485,855.27
352.171,722.338,605.337
348.915,722.404,730.295
345.659,722.471,855.252
354.027,847.324,605.319
350.771,847.391,730.277
347.515,847.457,855.234
223.081,100.04,99.2772
219.873,103.372,224.192
216.666,106.705,349.106
224.139,224.991,95.9706
220.931,228.324,220.885
217.723,231.657,345.799
225.196,349.943,92.6641
221.989,353.276,217.578
218.781,356.609,342.493
348.035,99.0675,102.512
344.828,102.4,227.426
341.62,105.733,352.341
349.093,224.019,99.2052
345.885,227.352,224.12
342.678,230.685,349.034
350.151,348.971,95.8987
346.943,352.304,220.813
343.735,355.637,345.727
472.99,98.0955,105.746
469.782,101.428,230.661
466.574,104.761,355.575
474.047,223.047,102.44
470.84,226.38,227.354
467.632,229.713,352.269
475.105,347.999,99.1332
471.897,351.332,224.048
468.69,354.664,348.962
224.984,99.0705,225.982
228.19,98.1047,350.937
231.395,97.139,475.892
221.303,224.012,227.042
224.508,223.046,351.997
227.713,222.08,476.953
217.621,348.953,228.102
220.826,347.987,353.058
224.031,347.021,478.013
349.889,102.778,222.807
353.094,101.812,347.762
356.3,100.847,472.717
346.207,227.72,223.867
349.413,226.754,348.822
352.618,225.788,473.777
342.525,352.661,224.927
345.731,351.695,349.882
348.936,350.729,474.837
474.794,106.486,219.631
477.999,105.52,344.586
481.204,104.554,469.542
471.112,231.427,220.691
474.317,230.462,345.647
477.523,229.496,470.602
467.43,356.369,221.752
470.635,355.403,346.707
473.841,354.437,471.662
225.216,99.1655,351.094
225.607,99.8679,476.091
225.998,100.57,601.088
227.649,224.14,350.384
228.04,224.842,475.381
228.431,225.545,600.379
230.082,349.114,349.674
230.473,349.817,474.671
230.864,350.519,599.669
350.191,96.7301,350.716
350.582,97.4325,475.714
350.973,98.135,600.711
352.625,221.704,350.006
353.016,222.407,475.004
353.407,223.109,600.001
355.058,346.679,349.297
355.449,347.381,474.294
355.84,348.084,599.291
475.167,94.2947,350.339
475.558,94.9971,475.337
475.949,95.6996,600.334
477.6,219.269,349.629
477.991,219.971,474.627
478.382,220.674,599.624
480.034,344.243,348.919
480.425,344.946,473.917
480.816,345.648,598.914
224.539,99.111,475.823
226.023,102.769,600.76
227.507,106.427,725.698
221.494,224.021,472.202
222.978,227.679,597.14
224.462,231.337,722.077
218.449,348.932,468.581
219.933,352.59,593.519
221.417,356.248,718.456
349.493,102.111,474.251
350.977,105.769,599.188
352.461,109.427,724.126
346.448,227.022,470.63
347.932,230.68,595.567
349.416,234.337,720.505
343.403,351.932,467.009
344.887,355.59,591.947
346.371,359.248,716.884
474.447,105.112,472.678
475.931,108.769,597.616
477.415,112.427,722.554
471.402,230.022,469.058
472.886,233.68,593.995
474.37,237.338,718.933
468.357,354.932,465.437
469.841,358.59,590.374
471.326,362.248,715.312
225.718,101.859,598.877
222.28,99.0063,723.797
218.841,96.1533,848.717
227.331,226.815,601.775
223.892,223.962,726.695
220.454,221.109,851.615
228.944,351.771,604.673
225.505,348.918,729.593
222.067,346.065,854.513
350.66,100.168,602.277
347.222,97.3148,727.197
343.784,94.4618,852.117
352.273,225.124,605.175
348.835,222.271,730.095
345.396,219.418,855.015
353.886,350.08,608.073
350.448,347.227,732.993
347.009,344.374,857.914
475.603,98.4763,605.677
472.164,95.6233,730.597
468.726,92.7703,855.517
477.215,223.432,608.575
473.777,220.579,733.495
470.339,217.726,858.416
478.828,348.388,611.474
475.39,345.535,736.394
471.952,342.682,861.314
224.254,223.976,98.677
224.119,220.74,223.635
223.984,217.504,348.593
221.156,348.896,101.909
221.021,345.66,226.867
220.886,342.424,351.825
218.058,473.816,105.14
217.923,470.58,230.098
217.787,467.344,355.056
349.216,227.07,98.8924
349.081,223.834,223.85
348.945,220.598,348.808
346.118,351.99,102.124
345.982,348.754,227.082
345.847,345.518,352.04
343.019,476.91,105.356
342.884,473.674,230.314
342.749,470.438,355.272
474.177,230.164,99.1078
474.042,226.928,224.066
473.907,223.692,349.024
471.079,355.084,102.339
470.944,351.848,227.297
470.809,348.611,352.256
467.981,480.003,105.571
467.846,476.767,230.529
467.71,473.531,355.487
226.2,223.799,224.332
225.341,220.159,349.276
224.481,216.519,474.22
222.71,348.698,227.946
221.85,345.058,352.89
220.991,341.418,477.834
219.22,473.597,231.561
218.36,469.957,356.505
217.501,466.317,481.449
351.148,227.263,225.292
350.289,223.623,350.236
349.429,219.983,475.18
347.658,352.162,228.906
346.799,348.522,353.85
345.939,344.882,478.794
344.168,477.061,232.521
343.309,473.421,357.465
342.449,469.781,482.409
476.096,230.726,226.252
475.237,227.087,351.196
474.378,223.447,476.14
472.606,355.625,229.867
471.747,351.986,354.811
470.888,348.346,479.755
469.116,480.524,233.481
468.257,476.885,358.425
467.397,473.245,483.369
224.34,225.896,351.768
223.004,223.287,476.733
221.667,220.679,601.699
227.21,350.836,354.407
225.873,348.227,479.372
224.536,345.618,604.338
230.08,475.775,357.046
228.743,473.166,482.012
227.406,470.557,606.977
349.3,222.999,353.044
347.964,220.39,478.01
346.627,217.782,602.975
352.17,347.939,355.683
350.833,345.33,480.649
349.496,342.721,605.614
355.039,472.878,358.322
353.703,470.269,483.288
352.366,467.66,608.253
474.26,220.102,354.32
472.923,217.493,479.286
471.587,214.885,604.252
477.13,345.042,356.959
475.793,342.433,481.925
474.456,339.824,606.891
479.999,469.981,359.599
478.663,467.372,484.564
477.326,464.763,609.53
224.592,224.837,475.835
227.882,222.151,600.763
231.173,219.465,725.69
223.047,349.798,478.563
226.337,347.112,603.49
229.627,344.425,728.418
221.502,474.759,481.29
224.792,472.072,606.218
228.082,469.386,731.146
349.539,226.453,472.579
352.829,223.767,597.507
356.12,221.081,722.434
347.994,351.414,475.306
351.284,348.728,600.234
354.574,346.042,725.162
346.449,476.375,478.034
349.739,473.688,602.962
353.029,471.002,727.89
474.486,228.07,469.323
477.777,225.383,594.251
481.067,222.697,719.178
472.941,353.03,472.05
476.231,350.344,596.978
479.522,347.658,721.906
471.396,477.991,474.778
474.686,475.305,599.706
477.976,472.618,724.634
224.832,223.993,599.993
223.919,225.856,724.976
223.007,227.719,849.959
228.139,348.936,598.155
227.226,350.799,723.138
226.314,352.661,848.121
231.446,473.879,596.317
230.533,475.741,721.3
229.621,477.604,846.283
349.785,220.7,600.954
348.872,222.563,725.937
347.96,224.426,850.92
353.092,345.643,599.117
352.179,347.506,724.099
351.267,349.368,849.082
356.398,470.586,597.279
355.486,472.448,722.261
354.574,474.311,847.244
474.738,217.407,601.916
473.825,219.27,726.899
472.913,221.133,851.881
478.045,342.35,600.078
477.132,344.213,725.061
476.22,346.075,850.043
481.351,467.293,598.24
480.439,469.155,723.223
479.526,471.018,848.206
224.53,348.107,99.3207
225.973,351.001,224.279
227.415,353.894,349.237
222.223,473.053,96.4541
223.665,475.947,221.412
225.108,478.84,346.37
219.916,597.999,93.5874
221.358,600.892,218.546
222.8,603.786,343.504
349.501,350.381,97.8257
350.943,353.274,222.784
352.385,356.168,347.742
347.194,475.326,94.9591
348.636,478.22,219.917
350.078,481.114,344.875
344.886,600.272,92.0924
346.328,603.166,217.051
347.771,606.059,342.009
474.471,352.654,96.3307
475.913,355.548,221.289
477.356,358.441,346.247
472.164,477.6,93.4641
473.606,480.493,218.422
475.048,483.387,343.38
469.857,602.546,90.5974
471.299,605.439,215.556
472.741,608.333,340.514
223.081,349.042,226.007
219.702,347.598,350.953
216.322,346.155,475.898
221.783,474.027,227.415
218.404,472.584,352.361
215.024,471.14,477.307
220.485,599.012,228.824
217.106,597.569,353.77
213.726,596.126,478.716
348.029,350.301,229.401
344.649,348.858,354.347
341.269,347.414,479.293
346.731,475.286,230.81
343.351,473.843,355.756
339.971,472.4,480.702
345.433,600.272,232.218
342.053,598.828,357.164
338.673,597.385,482.11
472.977,351.56,232.795
469.597,350.117,357.741
466.217,348.674,482.687
471.679,476.546,234.204
468.299,475.102,359.15
464.919,473.659,484.096
470.381,601.531,235.613
467.001,600.088,360.559
463.621,598.644,485.505
226.923,350.661,350.493
224.345,348.413,475.447
221.766,346.165,600.4
223.519,475.595,352.671
220.94,473.347,477.624
218.362,471.099,602.577
220.114,600.53,354.848
217.536,598.282,479.801
214.957,596.034,604.755
351.85,354.019,353.132
349.272,351.771,478.085
346.693,349.523,603.038
348.446,478.953,355.309
345.867,476.705,480.263
343.289,474.458,605.216
345.041,603.888,357.487
342.463,601.64,482.44
339.884,599.392,607.393
476.777,357.377,355.77
474.199,355.129,480.724
471.62,352.881,605.677
473.373,482.312,357.948
470.794,480.064,482.901
468.216,477.816,607.854
469.968,607.246,360.125
467.39,604.998,485.078
464.811,602.75,610.032
223.214,348.821,476.303
219.602,352.141,601.207
215.99,355.462,726.111
221.069,473.756,472.92
217.457,477.077,597.824
213.845,480.398,722.727
218.924,598.692,469.536
215.312,602.013,594.44
211.701,605.333,719.344
348.143,351.061,479.856
344.531,354.382,604.76
340.919,357.703,729.664
345.998,475.997,476.473
342.387,479.318,601.376
338.775,482.638,726.28
343.854,600.933,473.089
340.242,604.254,597.993
336.63,607.574,722.897
473.072,353.302,483.409
469.461,356.623,608.313
465.849,359.943,733.216
470.928,478.238,480.026
467.316,481.559,604.929
463.704,484.879,729.833
468.783,603.174,476.642
465.171,606.494,601.546
461.56,609.815,726.45
224.217,351.426,598.214
226.49,350.212,723.187
228.764,348.998,848.161
222.408,476.407,599.461
224.682,475.193,724.434
226.956,473.979,849.408
220.6,601.387,600.708
222.873,600.173,725.681
225.147,598.96,850.654
349.183,353.257,595.958
351.457,352.043,720.932
353.73,350.829,845.905
347.374,478.237,597.205
349.648,477.024,722.178
351.922,475.81,847.152
345.566,603.218,598.452
347.84,602.004,723.425
350.113,600.79,848.399
474.149,355.088,593.702
476.423,353.874,718.676
478.697,352.66,843.649
472.341,480.068,594.949
474.614,478.854,719.923
476.888,477.641,844.896
470.532,605.049,596.196
472.806,603.835,721.169
475.08,602.621,846.143
226.779,473.109,101.194
223.16,469.911,226.101
219.541,466.712,351.008
228.779,598.051,104.452
225.16,594.852,229.358
221.541,591.654,354.265
230.779,722.992,107.709
227.16,719.794,232.616
223.541,716.595,357.522
351.711,471.016,104.761
348.092,467.818,229.667
344.472,464.619,354.574
353.711,595.958,108.018
350.092,592.759,232.925
346.472,589.561,357.831
355.711,720.899,111.276
352.091,717.701,236.182
348.472,714.502,361.089
476.642,468.924,108.327
473.023,465.725,233.234
469.404,462.527,358.141
478.642,593.865,111.585
475.023,590.667,236.491
471.404,587.468,361.398
480.642,718.807,114.842
477.023,715.608,239.749
473.404,712.41,364.655
223.838,475.904,223.997
227.323,478.843,348.914
230.808,481.782,473.831
223.261,600.868,221.073
226.746,603.807,345.99
230.231,606.746,470.907
222.684,725.833,218.149
226.169,728.772,343.066
229.653,731.711,467.983
348.788,476.399,220.499
352.273,479.338,345.416
355.758,482.277,470.333
348.211,601.364,217.576
351.696,604.303,342.492
355.181,607.242,467.409
347.634,726.328,214.652
351.119,729.267,339.569
354.604,732.206,464.485
473.738,476.895,217.002
477.223,479.833,341.919
480.708,482.772,466.836
473.161,601.859,214.078
476.646,604.798,338.995
480.131,607.737,463.912
472.584,726.823,211.154
476.069,729.762,336.071
479.554,732.701,460.988
225.389,475.503,350.076
222.305,476.157,475.036
219.22,476.811,599.996
228.977,600.451,349.511
225.892,601.104,474.471
222.808,601.758,599.431
232.565,725.398,348.946
229.48,726.052,473.906
226.396,726.705,598.866
350.3,471.931,353.178
347.215,472.585,478.138
344.131,473.238,603.098
353.887,596.878,352.613
350.803,597.532,477.573
347.718,598.185,602.533
357.475,721.825,352.048
354.391,722.479,477.008
351.306,723.133,601.968
475.21,468.358,356.28
472.126,469.012,481.24
469.041,469.666,606.2
478.798,593.306,355.715
475.713,593.959,480.675
472.629,594.613,605.635
482.385,718.253,355.15
479.301,718.906,480.11
476.216,719.56,605.07
225.727,473.69,476.268
225.564,471.478,601.248
225.4,469.266,726.228
225.038,598.668,478.479
224.874,596.457,603.459
224.711,594.245,728.439
224.348,723.647,480.689
224.185,721.435,605.67
224.022,719.223,730.65
350.725,474.376,476.443
350.562,472.164,601.423
350.398,469.952,726.404
350.036,599.355,478.654
349.872,597.143,603.634
349.709,594.931,728.615
349.346,724.333,480.865
349.183,722.121,605.845
349.02,719.91,730.826
475.723,475.062,476.619
475.56,472.851,601.599
475.396,470.639,726.579
475.034,600.041,478.829
474.87,597.829,603.81
474.707,595.617,728.79
474.344,725.02,481.04
474.181,722.808,606.021
474.018,720.596,731.001
223.307,476.829,599.447
225.785,477.52,724.421
228.263,478.211,849.394
225.705,601.804,598.709
228.183,602.495,723.683
230.661,603.185,848.656
228.103,726.779,597.971
230.581,727.47,722.944
233.059,728.16,847.918
348.259,474.417,596.983
350.737,475.108,721.957
353.215,475.798,846.93
350.657,599.392,596.245
353.135,600.082,721.218
355.613,600.773,846.192
353.055,724.367,595.507
355.533,725.057,720.48
358.011,725.748,845.454
473.212,472.005,594.519
475.69,472.695,719.492
478.168,473.386,844.466
475.61,596.98,593.781
478.088,597.67,718.754
480.566,598.361,843.728
478.008,721.954,593.042
480.486,722.645,718.016
482.964,723.336,842.989
224.04,601.823,100.002
227.234,600.349,224.953
230.428,598.875,349.903
222.772,726.807,101.509
225.966,725.334,226.459
229.159,723.86,351.41
221.504,851.792,103.016
224.697,850.318,227.966
227.891,848.844,352.917
348.993,603.129,96.824
352.187,601.655,221.774
355.38,600.182,346.725
347.725,728.114,98.3305
350.918,726.64,223.281
354.112,725.166,348.232
346.456,853.098,99.8371
349.65,851.624,224.788
352.844,850.15,349.738
473.946,604.435,93.6455
477.139,602.961,218.596
480.333,601.488,343.547
472.677,729.42,95.1521
475.871,727.946,220.103
479.065,726.472,345.053
471.409,854.404,96.6587
474.603,852.93,221.609
477.797,851.457,346.56
225.674,601.442,223.019
228.799,602.053,347.979
231.924,602.665,472.938
223.683,726.425,222.457
226.808,727.036,347.416
229.933,727.648,472.376
221.693,851.407,221.895
224.818,852.019,346.854
227.943,852.631,471.814
350.619,603.417,219.885
353.744,604.029,344.844
356.869,604.641,469.804
348.628,728.4,219.323
351.753,729.012,344.282
354.878,729.624,469.242
346.638,853.383,218.761
349.763,853.995,343.72
352.888,854.607,468.68
475.564,605.393,216.751
478.689,606.005,341.71
481.814,606.617,466.67
473.573,730.376,216.189
476.698,730.988,341.148
479.823,731.6,466.107
471.583,855.359,215.626
474.708,855.971,340.586
477.833,856.583,465.545
226.224,600.258,349.143
225.971,600.434,474.143
225.719,600.61,599.143
229.897,725.204,348.975
229.644,725.38,473.974
229.392,725.556,598.974
233.57,850.15,348.806
233.317,850.326,473.806
233.065,850.502,598.805
351.17,596.585,349.401
350.917,596.761,474.4
350.665,596.937,599.4
354.843,721.531,349.232
354.59,721.707,474.232
354.338,721.883,599.231
358.516,846.477,349.064
358.263,846.653,474.063
358.011,846.829,599.063
476.115,592.913,349.658
475.863,593.089,474.658
475.611,593.265,599.657
479.788,717.859,349.49
479.536,718.035,474.489
479.284,718.211,599.489
483.461,842.805,349.321
483.209,842.981,474.321
482.957,843.157,599.32
226.484,598.307,476.257
226.984,598.812,601.255
227.484,599.316,726.253
228.001,723.297,475.747
228.501,723.802,600.745
229.001,724.306,725.743
229.518,848.287,475.236
230.018,848.791,600.234
230.518,849.296,725.232
351.474,596.788,475.763
351.974,597.293,600.761
352.474,597.797,725.759
352.991,721.778,475.253
353.491,722.283,600.251
353.991,722.787,725.249
354.507,846.768,474.742
355.008,847.272,599.74
355.508,847.777,724.738
476.464,595.27,475.269
476.964,595.774,600.267
477.464,596.279,725.265
477.98,720.259,474.759
478.481,720.764,599.757
478.981,721.268,724.755
479.497,845.249,474.248
479.998,845.754,599.246
480.498,846.258,724.244
225.326,600.451,600.435
226.225,597.685,725.401
227.124,594.919,850.368
225.959,725.419,603.197
226.858,722.653,728.163
227.757,719.887,853.129
226.592,850.387,605.959
227.491,847.621,730.925
228.39,844.855,855.891
350.321,599.839,599.523
351.22,597.072,724.489
352.119,594.306,849.455
350.954,724.806,602.284
351.853,722.04,727.25
352.752,719.274,852.217
351.587,849.774,605.046
352.486,847.008,730.012
353.385,844.242,854.978
475.316,599.226,598.61
476.215,596.459,723.576
477.114,593.693,848.542
475.949,724.194,601.371
476.848,721.427,726.338
477.747,718.661,851.304
476.582,849.162,604.133
477.481,846.395,729.099
478.38,843.629,854.066
351.932,99.4996,100.494
355.582,101.806,225.419
359.233,104.113,350.344
351.903,224.478,98.1869
355.553,226.785,223.112
359.203,229.091,348.038
351.874,349.457,95.8803
355.524,351.764,220.806
359.174,354.07,345.731
476.879,99.4615,96.8434
480.529,101.768,221.769
484.179,104.075,346.694
476.85,224.44,94.5368
480.5,226.747,219.462
484.15,229.053,344.388
476.82,349.419,92.2301
480.471,351.725,217.156
484.121,354.032,342.081
601.826,99.4234,93.1933
605.476,101.73,218.119
609.126,104.036,343.044
601.796,224.402,90.8867
605.446,226.709,215.812
609.097,229.015,340.737
601.767,349.381,88.58
605.417,351.687,213.505
609.067,353.994,338.431
351.228,99.5723,226.291
351.293,101.157,351.281
351.358,102.741,476.271
350.836,224.562,224.707
350.901,226.146,349.697
350.966,227.73,474.687
350.444,349.551,223.123
350.51,351.135,348.113
350.575,352.719,473.103
476.227,99.9632,226.221
476.292,101.547,351.211
476.358,103.132,476.201
475.836,224.953,224.637
475.901,226.537,349.627
475.966,228.121,474.617
475.444,349.942,223.053
475.509,351.526,348.043
475.574,353.11,473.033
601.227,100.354,226.151
601.292,101.938,351.141
601.357,103.523,476.131
600.835,225.343,224.567
600.9,226.928,349.557
600.965,228.512,474.547
600.443,350.333,222.983
600.508,351.917,347.973
600.573,353.501,472.963
350.343,101.517,348.608
350.241,98.9517,473.582
350.139,96.3865,598.555
347.489,226.458,351.17
347.387,223.893,476.144
347.286,221.328,601.118
344.636,351.399,353.733
344.534,348.834,478.706
344.432,346.269,603.68
475.31,104.368,348.769
475.208,101.802,473.742
475.106,99.2371,598.716
472.457,229.309,351.331
472.355,226.744,476.305
472.253,224.178,601.278
469.603,354.25,353.893
469.502,351.685,478.867
469.4,349.119,603.84
600.278,107.218,348.929
600.176,104.653,473.903
600.074,102.088,598.876
597.424,232.159,351.491
597.322,229.594,476.465
597.22,227.029,601.439
594.571,357.101,354.054
594.469,354.535,479.027
594.367,351.97,604.001
349.743,100.404,476.512
353.359,103.143,601.43
356.975,105.883,726.347
346.161,225.325,473.876
349.777,228.064,598.794
353.393,230.804,723.711
342.578,350.245,471.24
346.194,352.985,596.158
349.81,355.724,721.076
474.639,103.908,472.82
478.256,106.647,597.737
481.872,109.387,722.655
471.057,228.829,470.184
474.673,231.568,595.102
478.289,234.307,720.019
467.474,353.749,467.548
471.09,356.489,592.466
474.707,359.228,717.383
599.536,107.412,469.127
603.152,110.151,594.045
606.768,112.891,718.963
595.953,232.332,466.492
599.569,235.072,591.409
603.185,237.811,716.327
592.371,357.253,463.856
595.987,359.993,588.773
599.603,362.732,713.691
348.641,98.9505,598.136
349.383,101.459,723.108
350.125,103.968,848.081
345.186,223.878,595.649
345.928,226.387,720.621
346.671,228.895,845.594
341.731,348.806,593.161
342.473,351.314,718.134
343.216,353.823,843.107
473.591,102.39,597.324
474.333,104.898,722.297
475.076,107.407,847.27
470.136,227.317,594.837
470.878,229.826,719.81
471.621,232.335,844.783
466.681,352.245,592.35
467.423,354.753,717.323
468.166,357.262,842.295
598.541,105.829,596.513
599.283,108.338,721.486
600.026,110.846,846.458
595.086,230.757,594.026
595.828,233.265,718.999
596.571,235.774,843.971
591.631,355.684,591.539
592.373,358.193,716.511
593.116,360.701,841.484
348.462,226.618,101.766
352.031,229.437,226.683
355.599,232.255,351.6
345.048,351.542,99.0445
348.616,354.36,223.962
352.184,357.179,348.879
341.633,476.465,96.3233
345.201,479.284,221.241
348.769,482.103,346.158
473.365,229.953,98.1228
476.933,232.771,223.04
480.501,235.59,347.957
469.95,354.877,95.4015
473.518,357.695,220.319
477.086,360.514,345.236
466.535,479.8,92.6802
470.103,482.619,217.598
473.671,485.438,342.515
598.267,233.288,94.4797
601.835,236.106,219.397
605.404,238.925,344.314
594.852,358.211,91.7585
598.421,361.03,216.676
601.989,363.849,341.593
591.437,483.135,89.0372
595.006,485.954,213.954
598.574,488.772,338.872
348.283,224.205,223.372
345.516,224.41,348.341
342.748,224.615,473.31
346.443,349.192,223.126
343.676,349.397,348.095
340.908,349.602,473.065
344.603,474.178,222.88
341.836,474.383,347.849
339.068,474.588,472.819
473.239,226.05,226.136
470.472,226.255,351.105
467.704,226.46,476.075
471.399,351.036,225.89
468.632,351.242,350.86
465.864,351.447,475.829
469.559,476.023,225.645
466.792,476.228,350.614
464.024,476.433,475.583
598.195,227.895,228.901
595.427,228.1,353.87
592.66,228.305,478.839
596.355,352.881,228.655
593.587,353.086,353.624
590.82,353.292,478.593
594.515,477.868,228.409
591.747,478.073,353.378
588.98,478.278,478.347
350.221,225.425,348.405
348.291,222.579,473.358
346.361,219.733,598.31
351.743,350.382,351.274
349.813,347.537,476.227
347.882,344.691,601.18
353.264,475.34,354.144
351.334,472.494,479.096
349.404,469.649,604.049
475.197,223.859,350.3
473.267,221.013,475.253
471.336,218.168,600.205
476.719,348.817,353.169
474.788,345.971,478.122
472.858,343.125,603.075
478.24,473.775,356.039
476.31,470.929,480.991
474.38,468.083,605.944
600.173,222.294,352.195
598.242,219.448,477.147
596.312,216.602,602.1
601.694,347.251,355.064
599.764,344.406,480.017
597.834,341.56,604.969
603.216,472.209,357.933
601.286,469.364,482.886
599.356,466.518,607.839
351.346,225.167,475.58
355.056,227.273,600.507
358.765,229.379,725.434
351.427,350.15,473.471
355.136,352.255,598.398
358.846,354.361,723.325
351.507,475.132,471.362
355.217,477.237,596.289
358.926,479.343,721.217
476.291,225.024,471.872
480.001,227.13,596.8
483.71,229.236,721.727
476.372,350.007,469.763
480.081,352.112,594.691
483.791,354.218,719.618
476.452,474.989,467.655
480.162,477.094,592.582
483.871,479.2,717.509
601.236,224.881,468.165
604.946,226.987,593.092
608.655,229.093,718.019
601.317,349.864,466.056
605.026,351.969,590.983
608.735,354.075,715.91
601.397,474.846,463.947
605.107,476.951,588.874
608.816,479.057,713.802
348.361,225.062,598.091
346.473,222.528,723.051
344.584,219.995,848.011
348.71,350.035,600.63
346.822,347.502,725.59
344.934,344.969,850.55
349.059,475.009,603.169
347.171,472.476,728.129
345.283,469.942,853.089
473.346,224.674,599.972
471.458,222.141,724.932
469.57,219.607,849.892
473.696,349.648,602.511
471.807,347.115,727.471
469.919,344.581,852.431
474.045,474.622,605.05
472.156,472.088,730.01
470.268,469.555,854.97
598.332,224.287,601.853
596.443,221.753,726.813
594.555,219.22,851.773
598.681,349.26,604.391
596.792,346.727,729.352
594.904,344.194,854.312
599.03,474.234,606.93
597.142,471.701,731.891
595.253,469.167,856.851
349.625,349.631,101.459
353.101,352.733,226.372
356.577,355.835,351.285
348.084,474.584,98.3985
351.56,477.686,223.312
355.035,480.788,348.225
346.543,599.537,95.3384
350.018,602.639,220.252
353.494,605.741,345.165
474.568,351.086,97.946
478.043,354.188,222.859
481.519,357.29,347.772
473.026,476.039,94.8859
476.502,479.141,219.799
479.977,482.243,344.712
471.485,600.992,91.8258
474.96,604.094,216.739
478.436,607.196,341.652
599.51,352.541,94.4334
602.985,355.643,219.347
606.461,358.745,344.26
597.968,477.494,91.3733
601.444,480.596,216.286
604.92,483.698,341.2
596.427,602.447,88.3132
599.903,605.549,213.226
603.378,608.651,338.14
350.223,348.749,226.442
350.659,347.489,351.435
351.095,346.228,476.428
347.564,473.714,227.711
348.001,472.454,352.704
348.437,471.193,477.697
344.906,598.68,228.981
345.342,597.419,353.974
345.778,596.159,478.967
475.194,351.412,226.033
475.63,350.152,351.026
476.066,348.891,476.019
472.535,476.377,227.302
472.971,475.117,352.295
473.408,473.857,477.288
469.877,601.343,228.572
470.313,600.082,353.565
470.749,598.822,478.558
600.165,354.075,225.624
600.601,352.815,350.617
601.037,351.554,475.61
597.506,479.04,226.893
597.942,477.78,351.886
598.378,476.52,476.879
594.848,604.006,228.163
595.284,602.745,353.156
595.72,601.485,478.148
351.668,351.477,350.546
351.786,352.683,475.54
351.904,353.889,600.534
354.705,476.434,349.337
354.823,477.641,474.331
354.941,478.847,599.325
357.742,601.392,348.129
357.86,602.598,473.123
357.977,603.804,598.117
476.631,348.439,350.457
476.749,349.646,475.452
476.867,350.852,600.446
479.668,473.397,349.249
479.786,474.603,474.243
479.904,475.809,599.237
482.705,598.354,348.04
482.823,599.56,473.034
482.94,600.766,598.028
601.594,345.402,350.369
601.712,346.608,475.363
601.83,347.814,600.357
604.631,470.359,349.16
604.749,471.565,474.154
604.867,472.771,599.149
607.668,595.316,347.952
607.786,596.522,472.946
607.904,597.729,597.94
349.931,349.877,473.595
353.12,350.087,598.554
356.309,350.296,723.513
350.311,474.876,473.375
353.5,475.086,598.334
356.689,475.296,723.294
350.691,599.875,473.156
353.88,600.085,598.115
357.069,600.295,723.074
474.89,349.491,470.407
478.079,349.701,595.366
481.267,349.911,720.325
475.269,474.491,470.187
478.458,474.7,595.146
481.647,474.91,720.105
475.649,599.49,469.967
478.838,599.7,594.927
482.027,599.909,719.886
599.848,349.106,467.218
603.037,349.316,592.177
606.226,349.526,717.137
600.228,474.105,466.999
603.417,474.315,591.958
606.606,474.525,716.917
600.608,599.104,466.779
603.797,599.314,591.738
606.986,599.524,716.697
351.395,348.197,601.816
352.109,350.178,726.798
352.823,352.159,851.78
349.692,473.17,599.845
350.406,475.151,724.827
351.12,477.132,849.809
347.99,598.143,597.873
348.704,600.124,722.856
349.418,602.105,847.838
476.381,349.888,601.075
477.095,351.869,726.057
477.809,353.85,851.039
474.679,474.861,599.104
475.393,476.842,724.086
476.107,478.823,849.068
472.976,599.834,597.133
473.69,601.815,722.115
474.404,603.796,847.097
601.367,351.579,600.334
602.081,353.56,725.316
602.795,355.541,850.299
599.665,476.552,598.363
600.379,478.533,723.345
601.093,480.514,848.327
597.963,601.524,596.392
598.677,603.505,721.374
599.391,605.487,846.356
348.028,474.295,99.4087
347.831,475.051,224.406
347.634,475.807,349.404
348.096,599.293,98.6532
347.899,600.049,223.651
347.702,600.804,348.648
348.164,724.291,97.8976
347.967,725.046,222.895
347.77,725.802,347.893
473.028,474.229,99.606
472.831,474.984,224.604
472.634,475.74,349.601
473.096,599.226,98.8505
472.899,599.982,223.848
472.702,600.738,348.846
473.164,724.224,98.095
472.967,724.98,223.093
472.77,725.735,348.09
598.027,474.162,99.8034
597.831,474.917,224.801
597.634,475.673,349.798
598.096,599.159,99.0478
597.899,599.915,224.045
597.702,600.671,349.043
598.164,724.157,98.2923
597.967,724.913,223.29
597.77,725.668,348.287
349.688,473.578,223.399
346.309,475.119,348.344
342.931,476.659,473.289
351.342,598.558,221.903
347.963,600.099,346.848
344.585,601.64,471.792
352.995,723.538,220.406
349.617,725.079,345.351
346.238,726.62,470.296
474.631,471.965,226.798
471.253,473.506,351.743
467.874,475.047,476.687
476.285,596.945,225.301
472.907,598.486,350.246
469.528,600.027,475.191
477.939,721.925,223.805
474.56,723.466,348.749
471.182,725.007,473.694
599.575,470.353,230.196
596.196,471.894,355.141
592.818,473.434,480.086
601.228,595.333,228.699
597.85,596.874,353.644
594.472,598.415,478.589
602.882,720.313,227.203
599.504,721.854,352.148
596.125,723.395,477.092
351.466,473.493,351.917
350.924,475.81,476.895
350.381,478.127,601.872
347.782,598.417,349.585
347.24,600.734,474.563
346.697,603.051,599.54
344.098,723.341,347.253
343.556,725.658,472.231
343.013,727.975,597.208
476.411,477.186,352.391
475.868,479.503,477.369
475.325,481.82,602.346
472.727,602.11,350.059
472.184,604.427,475.037
471.641,606.744,600.014
469.043,727.034,347.727
468.5,729.351,472.705
467.957,731.668,597.682
601.355,480.879,352.865
600.813,483.196,477.843
600.27,485.513,602.82
597.671,605.803,350.533
597.129,608.12,475.511
596.586,610.437,600.488
593.987,730.727,348.201
593.445,733.044,473.179
592.902,735.361,598.156
350.794,476.67,473.59
348.802,477.298,598.572
346.81,477.925,723.555
353.27,601.645,473.002
351.278,602.272,597.985
349.285,602.899,722.967
355.746,726.619,472.414
353.753,727.246,597.397
351.761,727.873,722.379
475.754,474.204,475.594
473.762,474.832,600.577
471.769,475.459,725.559
478.23,599.179,475.006
476.237,599.806,599.989
474.245,600.433,724.971
480.705,724.153,474.418
478.713,724.78,599.401
476.721,725.407,724.384
600.714,471.739,477.598
598.721,472.366,602.581
596.729,472.993,727.563
603.189,596.713,477.011
601.197,597.34,601.993
599.205,597.967,726.976
605.665,721.687,476.423
603.673,722.314,601.405
601.68,722.941,726.388
350.713,473.834,601.456
350.674,470.179,726.402
350.635,466.524,851.349
352.562,598.767,605.111
352.522,595.112,730.058
352.483,591.457,855.004
354.41,723.7,608.766
354.371,720.045,733.713
354.332,716.39,858.659
475.7,471.985,601.441
475.66,468.33,726.387
475.621,464.675,851.334
477.548,596.918,605.096
477.509,593.263,730.043
477.47,589.608,854.989
479.397,721.851,608.751
479.357,718.196,733.698
479.318,714.541,858.645
600.686,470.136,601.426
600.647,466.481,726.373
600.607,462.826,851.319
602.534,595.069,605.081
602.495,591.414,730.028
602.456,587.759,854.974
604.383,720.002,608.737
604.344,716.347,733.683
604.304,712.692,858.63
350.823,601.713,100.62
352.031,600.522,225.608
353.238,599.331,350.597
351.219,726.706,101.807
352.426,725.515,226.796
353.634,724.324,351.784
351.614,851.7,102.994
352.822,850.509,227.983
354.029,849.318,352.971
475.817,601.329,99.4087
477.024,600.137,224.397
478.232,598.946,349.386
476.212,726.322,100.596
477.42,725.131,225.584
478.627,723.94,350.573
476.608,851.316,101.783
477.815,850.125,226.772
479.023,848.934,351.76
600.81,600.944,98.1976
602.018,599.753,223.186
603.225,598.562,348.175
601.206,725.938,99.3849
602.413,724.747,224.373
603.621,723.556,349.362
601.602,850.932,100.572
602.809,849.741,225.561
604.016,848.55,350.549
350.474,598.481,225.42
351.528,594.912,350.365
352.582,591.343,475.309
349.707,723.427,228.995
350.762,719.858,353.94
351.816,716.29,478.885
348.941,848.374,232.571
349.996,844.805,357.515
351.05,841.236,482.46
475.467,599.277,224.388
476.521,595.708,349.333
477.575,592.139,474.277
474.701,724.223,227.963
475.755,720.654,352.908
476.809,717.086,477.853
473.935,849.17,231.539
474.989,845.601,356.483
476.043,842.032,481.428
600.46,600.073,223.356
601.514,596.504,348.301
602.568,592.935,473.245
599.694,725.019,226.932
600.748,721.45,351.876
601.802,717.882,476.821
598.928,849.966,230.507
599.982,846.397,355.452
601.036,842.828,480.396
351.85,601.502,350.527
352.839,604.816,475.479
353.828,608.13,600.431
349.862,726.443,347.229
350.85,729.757,472.182
351.839,733.07,597.134
347.873,851.384,343.932
348.862,854.697,468.884
349.851,858.011,593.836
476.83,603.464,349.486
477.819,606.778,474.438
478.808,610.091,599.39
474.842,728.405,346.188
475.831,731.718,471.141
476.82,735.032,596.093
472.853,853.345,342.891
473.842,856.659,467.843
474.831,859.973,592.795
601.811,605.426,348.445
602.799,608.739,473.397
603.788,612.053,598.349
599.822,730.366,345.147
600.811,733.68,470.099
601.8,736.994,595.052
597.833,855.307,341.85
598.822,858.621,466.802
599.811,861.934,591.754
349.381,600.653,473.28
352.519,599.771,598.238
355.657,598.89,723.195
350.515,725.645,474.133
353.653,724.763,599.091
356.791,723.882,724.048
351.649,850.637,474.987
354.788,849.755,599.944
357.926,848.874,724.902
474.336,599.541,470.134
477.474,598.659,595.092
480.613,597.777,720.049
475.471,724.533,470.987
478.609,723.651,595.945
481.747,722.769,720.902
476.605,849.524,471.841
479.743,848.643,596.798
482.881,847.761,721.756
599.292,598.428,466.988
602.43,597.546,591.946
605.568,596.665,716.903
600.426,723.42,467.841
603.564,722.538,592.799
606.702,721.657,717.756
601.56,848.412,468.695
604.699,847.53,593.652
607.837,846.649,718.61
351.59,600.054,601.122
350.315,600.377,726.115
349.04,600.699,851.108
354.078,725.029,600.825
352.803,725.352,725.818
351.529,725.674,850.811
356.566,850.004,600.528
355.291,850.327,725.521
354.017,850.649,850.514
476.558,597.569,602.403
475.284,597.892,727.396
474.009,598.215,852.389
479.046,722.544,602.106
477.772,722.867,727.099
476.497,723.189,852.092
481.534,847.519,601.809
480.26,847.842,726.802
478.985,848.164,851.795
601.527,595.085,603.684
600.253,595.407,728.677
598.978,595.73,853.67
604.015,720.059,603.386
602.741,720.382,728.379
601.466,720.705,853.373
606.503,845.034,603.089
605.229,845.357,728.082
603.954,845.679,853.075
473.67,101.167,101.378
473.066,104.82,226.323
472.462,108.474,351.268
476.706,226.077,97.7395
476.102,229.731,222.685
475.498,233.384,347.63
479.742,350.987,94.1014
479.138,354.641,219.046
478.534,358.295,343.992
598.632,98.1495,102.07
598.028,101.803,227.015
597.424,105.457,351.96
601.668,223.06,98.4321
601.064,226.714,223.377
600.46,230.367,348.322
604.704,347.97,94.794
604.1,351.624,219.739
603.496,355.277,344.684
723.594,95.1325,102.763
722.99,98.7863,227.708
722.385,102.44,352.653
726.63,220.043,99.1247
726.025,223.696,224.07
725.421,227.35,349.015
729.666,344.953,95.4866
729.061,348.607,220.432
728.457,352.26,345.377
475.759,99.1151,225.117
476.118,101.542,350.093
476.478,103.97,475.069
473.155,224.065,222.698
473.514,226.492,347.674
473.874,228.919,472.65
470.551,349.014,220.278
470.91,351.441,345.254
471.27,353.869,470.23
600.731,101.712,224.707
601.091,104.139,349.683
601.45,106.566,474.659
598.127,226.661,222.288
598.487,229.088,347.264
598.846,231.516,472.239
595.523,351.611,219.868
595.883,354.038,344.844
596.242,356.465,469.82
725.703,104.308,224.297
726.063,106.736,349.273
726.423,109.163,474.249
723.099,229.258,221.878
723.459,231.685,346.854
723.819,234.112,471.829
720.495,354.207,219.458
720.855,356.634,344.434
721.215,359.062,469.41
475.738,100.235,351.408
476.562,96.665,476.354
477.386,93.0947,601.301
478.414,225.156,354.96
479.238,221.586,479.906
480.062,218.016,604.852
481.09,350.077,358.512
481.914,346.507,483.458
482.738,342.936,608.404
600.707,97.5838,350.508
601.531,94.0136,475.455
602.354,90.4433,600.401
603.383,222.505,354.06
604.207,218.934,479.007
605.03,215.364,603.953
606.059,347.426,357.612
606.883,343.855,482.558
607.706,340.285,607.505
725.676,94.9324,349.609
726.499,91.3622,474.555
727.323,87.7919,599.501
728.351,219.853,353.161
729.175,216.283,478.107
729.999,212.713,603.053
731.027,344.774,356.712
731.851,341.204,481.659
732.675,337.634,606.605
473.139,101.901,476.935
475.413,100.868,601.91
477.687,99.8342,726.885
472.334,226.894,477.984
474.609,225.861,602.959
476.883,224.827,727.934
471.53,351.887,479.032
473.804,350.854,604.007
476.079,349.82,728.982
598.115,102.724,474.668
600.39,101.691,599.643
602.664,100.657,724.618
597.311,227.717,475.716
599.585,226.684,600.691
601.86,225.65,725.666
596.507,352.71,476.764
598.781,351.677,601.739
601.055,350.643,726.714
723.092,103.548,472.4
725.366,102.514,597.375
727.641,101.481,722.35
722.288,228.541,473.448
724.562,227.507,598.424
726.836,226.474,723.399
721.483,353.534,474.497
723.758,352.5,599.472
726.032,351.467,724.447
473.512,98.0829,601.57
473.987,101.782,726.515
474.462,105.48,851.459
471.165,223.006,597.881
471.64,226.705,722.825
472.115,230.404,847.77
468.818,347.93,594.192
469.292,351.629,719.136
469.767,355.327,844.081
598.489,100.415,601.026
598.964,104.114,725.971
599.439,107.813,850.915
596.142,225.339,597.337
596.617,229.038,722.281
597.092,232.736,847.226
593.795,350.262,593.648
594.269,353.961,718.592
594.744,357.66,843.537
723.466,102.748,600.482
723.941,106.446,725.427
724.416,110.145,850.371
721.119,227.671,596.793
721.594,231.37,721.737
722.069,235.069,846.682
718.772,352.595,593.104
719.246,356.293,718.048
719.721,359.992,842.993
476.218,226.346,98.4035
477.855,228.56,223.373
479.493,230.774,348.343
473.463,351.297,96.2258
475.101,353.511,221.195
476.738,355.725,346.165
470.709,476.247,94.0481
472.346,478.461,219.018
473.984,480.676,343.987
601.177,229.071,96.7179
602.814,231.285,221.688
604.452,233.499,346.657
598.422,354.022,94.5402
600.06,356.236,219.51
601.697,358.45,344.479
595.668,478.973,92.3625
597.305,481.187,217.332
598.943,483.401,342.302
726.136,231.796,95.0322
727.773,234.011,220.002
729.411,236.225,344.972
723.381,356.747,92.8545
725.019,358.961,217.824
726.656,361.175,342.794
720.627,481.698,90.6768
722.264,483.912,215.646
723.902,486.126,340.616
474.411,224.583,225.881
476.031,222.912,350.859
477.65,221.242,475.837
477.423,349.536,227.512
479.043,347.866,352.49
480.662,346.195,477.469
480.435,474.489,229.143
482.054,472.819,354.121
483.674,471.148,479.1
599.364,221.593,224.221
600.984,219.922,349.2
602.604,218.252,474.178
602.376,346.546,225.853
603.996,344.875,350.831
605.615,343.205,475.809
605.388,471.499,227.484
607.008,469.828,352.462
608.627,468.158,477.44
724.318,218.603,222.562
725.937,216.932,347.541
727.557,215.262,472.519
727.329,343.556,224.193
728.949,341.885,349.172
730.569,340.215,474.15
730.341,468.509,225.825
731.961,466.838,350.803
733.58,465.168,475.781
475.448,224.609,348.729
474.143,227.44,473.69
472.837,230.271,598.651
478.263,349.546,345.928
476.957,352.377,470.889
475.652,355.208,595.85
481.078,474.483,343.127
479.772,477.314,468.088
478.466,480.145,593.049
600.41,221.824,350.098
599.104,224.655,475.059
597.798,227.486,600.02
603.225,346.761,347.297
601.919,349.592,472.258
600.613,352.423,597.219
606.039,471.698,344.495
604.734,474.529,469.457
603.428,477.36,594.418
725.371,219.039,351.467
724.066,221.871,476.428
722.76,224.702,601.389
728.186,343.976,348.666
726.88,346.808,473.627
725.575,349.639,598.588
731.001,468.913,345.864
729.695,471.744,470.825
728.389,474.576,595.786
476.878,223.303,476.247
479.747,223.011,601.213
482.617,222.718,726.18
479.767,348.27,476.473
482.636,347.977,601.44
485.506,347.684,726.407
482.656,473.236,476.7
485.526,472.943,601.666
488.395,472.651,726.633
601.811,220.42,473.371
604.681,220.127,598.338
607.55,219.834,723.305
604.7,345.386,473.598
607.57,345.094,598.564
610.44,344.801,723.531
607.59,470.353,473.824
610.459,470.06,598.791
613.329,469.767,723.757
726.745,217.537,470.496
729.614,217.244,595.462
732.484,216.951,720.429
729.634,342.503,470.722
732.504,342.21,595.689
735.373,341.918,720.655
732.523,467.47,470.949
735.393,467.177,595.915
738.262,466.884,720.882
475.481,224.743,601.108
471.798,223.564,726.048
468.114,222.384,850.988
475.276,349.737,602.282
471.593,348.558,727.222
467.909,347.378,852.162
475.071,474.732,603.455
471.388,473.552,728.396
467.704,472.373,853.336
600.427,224.913,604.793
596.743,223.734,729.733
593.06,222.555,854.673
600.222,349.908,605.967
596.538,348.728,730.907
592.855,347.549,855.847
600.017,474.902,607.141
596.333,473.723,732.081
592.65,472.543,857.021
725.372,225.084,608.478
721.689,223.904,733.418
718.005,222.725,858.359
725.167,350.078,609.652
721.484,348.899,734.592
717.8,347.719,859.533
724.962,475.072,610.826
721.279,473.893,735.766
717.595,472.714,860.706
475.367,348.768,99.5205
476.77,351.843,224.475
478.173,354.918,349.429
477.864,473.704,96.4175
479.267,476.78,221.372
480.67,479.855,346.326
480.36,598.641,93.3145
481.763,601.716,218.269
483.167,604.791,343.223
600.334,346.237,98.1796
601.737,349.312,223.134
603.14,352.388,348.088
602.831,471.174,95.0766
604.234,474.249,220.031
605.637,477.324,344.985
605.328,596.11,91.9736
606.731,599.185,216.928
608.134,602.261,341.882
725.302,343.706,96.8387
726.705,346.782,221.793
728.108,349.857,346.747
727.798,468.643,93.7357
729.201,471.718,218.69
730.604,474.794,343.644
730.295,593.58,90.6327
731.698,596.655,215.587
733.101,599.73,340.541
473.934,351.281,225.994
473.706,350.674,350.992
473.477,350.067,475.99
476.204,476.259,226.604
475.975,475.652,351.603
475.746,475.045,476.601
478.473,601.237,227.215
478.245,600.63,352.214
478.016,600.023,477.212
598.913,349.01,226.211
598.685,348.404,351.21
598.456,347.797,476.208
601.183,473.988,226.822
600.954,473.381,351.82
600.726,472.775,476.819
603.452,598.966,227.433
603.224,598.359,352.431
602.995,597.753,477.429
723.893,346.74,226.429
723.664,346.133,351.427
723.435,345.526,476.425
726.162,471.718,227.04
725.933,471.111,352.038
725.705,470.504,477.036
728.432,596.696,227.65
728.203,596.089,352.649
727.974,595.482,477.647
476.639,350.436,350.338
474.541,352.396,475.305
472.444,354.356,600.272
476.514,475.421,348.376
474.416,477.38,473.343
472.319,479.34,598.31
476.389,600.405,346.413
474.291,602.365,471.38
472.194,604.325,596.347
601.621,350.594,352.433
599.523,352.554,477.4
597.426,354.513,602.367
601.496,475.578,350.471
599.399,477.538,475.438
597.301,479.498,600.405
601.371,600.563,348.509
599.274,602.523,473.476
597.176,604.483,598.443
726.603,350.752,354.529
724.506,352.711,479.496
722.408,354.671,604.463
726.479,475.736,352.566
724.381,477.696,477.533
722.283,479.656,602.5
726.354,600.721,350.604
724.256,602.68,475.571
722.159,604.64,600.538
474.617,350.994,474.05
476.437,347.663,598.992
478.258,344.332,723.935
472.324,475.928,477.414
474.145,472.597,602.356
475.965,469.266,727.299
470.032,600.861,480.778
471.852,597.531,605.72
473.672,594.2,730.663
599.583,353.335,472.292
601.403,350.004,597.234
603.223,346.673,722.176
597.29,478.268,475.656
599.11,474.937,600.598
600.931,471.607,725.54
594.998,603.202,479.02
596.818,599.871,603.962
598.638,596.54,728.904
724.548,355.675,470.533
726.369,352.344,595.476
728.189,349.013,720.418
722.256,480.609,473.897
724.076,477.278,598.84
725.896,473.947,723.782
719.963,605.542,477.261
721.784,602.212,602.204
723.604,598.881,727.146
475.967,349.611,600.255
473.502,352.435,725.199
471.036,355.258,850.143
474.351,474.568,597.399
471.886,477.392,722.343
469.421,480.215,847.287
472.736,599.525,594.543
470.271,602.349,719.487
467.806,605.172,844.431
600.932,351.282,602.683
598.467,354.106,727.627
596.002,356.929,852.57
599.317,476.239,599.827
596.852,479.063,724.771
594.386,481.886,849.715
597.701,601.196,596.971
595.236,604.019,721.915
592.771,606.843,846.859
725.897,352.953,605.111
723.432,355.776,730.054
720.967,358.6,854.998
724.282,477.91,602.255
721.817,480.733,727.199
719.352,483.557,852.142
722.667,602.867,599.399
720.202,605.69,724.343
717.736,608.514,849.287
475.671,476.469,100.287
477.427,473.311,225.235
479.184,470.154,350.183
472.787,601.395,103.485
474.543,598.237,228.433
476.3,595.08,353.38
469.903,726.321,106.682
471.66,723.163,231.63
473.416,720.006,356.578
600.625,479.396,98.6048
602.381,476.239,223.553
604.138,473.081,348.5
597.741,604.322,101.802
599.498,601.165,226.75
601.254,598.007,351.698
594.858,729.248,105
596.614,726.09,229.947
598.371,722.933,354.895
725.579,482.324,96.9222
727.336,479.166,221.87
729.092,476.009,346.818
722.696,607.249,100.12
724.452,604.092,225.067
726.209,600.934,350.015
719.812,732.175,103.317
721.569,729.018,228.265
723.325,725.86,353.213
473.29,474.438,224.62
470.707,473.998,349.593
468.124,473.558,474.565
474.82,599.428,225.092
472.237,598.988,350.065
469.654,598.547,475.037
476.35,724.418,225.564
473.767,723.977,350.537
471.184,723.537,475.509
598.254,472.899,227.198
595.671,472.458,352.17
593.088,472.018,477.143
599.784,597.888,227.669
597.201,597.448,352.642
594.618,597.008,477.615
601.314,722.878,228.141
598.731,722.438,353.114
596.148,721.998,478.086
723.218,471.359,229.775
720.635,470.919,354.747
718.052,470.479,479.72
724.748,596.349,230.247
722.165,595.909,355.219
719.582,595.469,480.192
726.278,721.339,230.719
723.695,720.899,355.691
721.112,720.458,480.664
475.011,473.715,350.261
472.257,474.742,475.226
469.504,475.77,600.191
475.443,598.71,349.242
472.689,599.737,474.208
469.936,600.765,599.173
475.875,723.705,348.224
473.121,724.732,473.189
470.368,725.76,598.155
599.98,473.305,353.017
597.226,474.333,477.983
594.473,475.361,602.948
600.412,598.3,351.999
597.658,599.328,476.964
594.905,600.356,601.93
600.843,723.295,350.981
598.09,724.323,475.946
595.337,725.351,600.911
724.949,472.896,355.774
722.195,473.923,480.74
719.442,474.951,605.705
725.381,597.891,354.756
722.627,598.919,479.721
719.874,599.946,604.687
725.812,722.886,353.737
723.059,723.914,478.703
720.306,724.941,603.668
476.317,473.499,473.085
473.235,471.291,598.028
470.153,469.084,722.97
478.017,598.467,475.335
474.935,596.259,600.278
471.853,594.052,725.22
479.717,723.435,477.585
476.635,721.227,602.528
473.553,719.02,727.47
601.267,471.744,476.137
598.185,469.536,601.079
595.103,467.329,726.022
602.967,596.712,478.387
599.885,594.505,603.329
596.803,592.297,728.272
604.667,721.68,480.636
601.585,719.473,605.579
598.503,717.265,730.521
726.218,469.989,479.188
723.136,467.782,604.13
720.053,465.574,729.073
727.918,594.957,481.438
724.836,592.75,606.38
721.753,590.542,731.323
729.618,719.926,483.688
726.535,717.718,608.63
723.453,715.511,733.573
476.465,476.095,601.401
473.118,472.765,726.312
469.772,469.436,851.223
473.509,601.017,604.652
470.162,597.688,729.562
466.816,594.359,854.473
470.553,725.94,607.902
467.206,722.611,732.813
463.859,719.282,857.723
601.385,478.962,604.825
598.039,475.633,729.736
594.692,472.303,854.646
598.429,603.884,608.075
595.083,600.555,732.986
591.736,597.226,857.897
595.473,728.807,611.325
592.126,725.478,736.236
588.78,722.149,861.147
726.306,481.829,608.248
722.959,478.5,733.159
719.612,475.171,858.07
723.349,606.751,611.498
720.003,603.422,736.409
716.656,600.093,861.32
720.393,731.674,614.748
717.047,728.345,739.659
713.7,725.016,864.57
474.865,601.269,98.6755
473.73,602.447,223.665
472.595,603.626,348.654
477.581,726.234,97.5218
476.446,727.412,222.511
475.311,728.591,347.5
480.297,851.199,96.3681
479.162,852.377,221.357
478.027,853.556,346.347
599.83,598.563,99.8357
598.695,599.742,224.825
597.56,600.92,349.814
602.546,723.528,98.682
601.411,724.707,223.671
600.276,725.886,348.661
605.262,848.494,97.5283
604.127,849.672,222.518
602.992,850.851,347.507
724.795,595.858,100.996
723.661,597.037,225.985
722.526,598.215,350.974
727.511,720.823,99.8422
726.377,722.002,224.831
725.242,723.18,349.821
730.227,845.788,98.6884
729.093,846.967,223.678
727.958,848.146,348.667
474.627,601.488,226.034
473.321,600.119,351.02
472.015,598.751,476.005
472.569,726.463,227.381
471.264,725.095,352.367
469.958,723.726,477.352
470.512,851.439,228.728
469.207,850.071,353.714
467.901,848.702,478.699
599.603,603.53,227.362
598.297,602.162,352.348
596.992,600.793,477.333
597.546,728.506,228.709
596.24,727.138,353.695
594.934,725.769,478.68
595.489,853.482,230.056
594.183,852.114,355.042
592.877,850.745,480.027
724.579,605.573,228.69
723.273,604.205,353.676
721.968,602.836,478.661
722.522,730.549,230.037
721.216,729.181,355.023
719.911,727.812,480.008
720.465,855.525,231.384
719.159,854.156,356.369
717.853,852.788,481.355
476.049,601.553,351.767
478.799,599.826,476.724
481.549,598.099,601.682
472.926,726.501,353.562
475.676,724.774,478.52
478.426,723.047,603.478
469.802,851.449,355.357
472.552,849.722,480.315
475.302,847.995,605.273
600.98,604.715,349.061
603.73,602.988,474.019
606.48,601.261,598.976
597.856,729.663,350.856
600.606,727.936,475.814
603.356,726.209,600.772
594.733,854.611,352.652
597.483,852.884,477.61
600.233,851.157,602.567
725.911,607.877,346.355
728.661,606.15,471.313
731.411,604.423,596.271
722.787,732.825,348.151
725.537,731.098,473.108
728.287,729.371,598.066
719.663,857.773,349.946
722.413,856.046,474.904
725.164,854.319,599.862
473.038,599.016,474.314
470.928,602.302,599.253
468.819,605.587,724.192
471.592,723.964,471.004
469.483,727.249,595.943
467.373,730.535,720.882
470.147,848.912,467.693
468.038,852.197,592.632
465.928,855.483,717.571
598.011,600.516,476.385
595.902,603.802,601.324
593.792,607.088,726.263
596.566,725.464,473.074
594.457,728.75,598.013
592.347,732.035,722.952
595.121,850.412,469.764
593.012,853.698,594.703
590.902,856.983,719.642
722.985,602.017,478.455
720.876,605.302,603.394
718.766,608.588,728.333
721.54,726.964,475.145
719.431,730.25,600.084
717.321,733.536,725.023
720.095,851.912,471.835
717.985,855.198,596.774
715.876,858.484,721.713
473.106,599.06,599.762
476.433,598.211,724.715
479.761,597.361,849.668
473.84,724.055,600.592
477.168,723.206,725.545
480.496,722.356,850.498
474.575,849.05,601.422
477.902,848.201,726.375
481.23,847.351,851.328
598.059,598.348,596.43
601.387,597.498,721.382
604.715,596.649,846.335
598.794,723.343,597.26
602.121,722.493,722.213
605.449,721.644,847.165
599.528,848.338,598.09
602.856,847.489,723.043
606.184,846.639,847.996
723.013,597.636,593.097
726.34,596.786,718.05
729.668,595.937,843.003
723.747,722.631,593.927
727.075,721.781,718.88
730.403,720.932,843.833
724.482,847.626,594.757
727.809,846.776,719.71
731.137,845.927,844.663
598.041,101.322,101.193
595.297,102.983,226.151
592.552,104.643,351.11
597.734,226.311,99.5251
594.989,227.971,224.484
592.245,229.631,349.443
597.426,351.299,97.8575
594.682,352.96,222.816
591.937,354.62,347.775
723.011,101.666,103.933
720.266,103.327,228.892
717.522,104.987,353.851
722.703,226.655,102.265
719.959,228.315,227.224
717.214,229.976,352.183
722.396,351.643,100.598
719.651,353.304,225.557
716.906,354.964,350.515
847.98,102.01,106.673
845.236,103.671,231.632
842.491,105.331,356.591
847.673,226.999,105.006
844.928,228.659,229.964
842.184,230.32,354.923
847.365,351.987,103.338
844.621,353.648,228.297
841.876,355.308,353.256
601.425,100.153,224.816
599.55,103.568,349.755
597.676,106.982,474.695
603.85,225.084,221.438
601.975,228.499,346.378
600.101,231.913,471.317
606.275,350.015,218.06
604.4,353.429,343
602.525,356.844,467.939
726.387,97.7804,226.756
724.513,101.195,351.695
722.638,104.609,476.635
728.812,222.711,223.378
726.938,226.126,348.317
725.063,229.54,473.257
731.237,347.642,220
729.362,351.056,344.94
727.488,354.471,469.879
851.35,95.4074,228.696
849.475,98.8219,353.635
847.601,102.236,478.574
853.775,220.338,225.318
851.9,223.753,350.257
850.025,227.167,475.196
856.199,345.269,221.94
854.325,348.684,346.879
852.45,352.098,471.819
600.774,98.0771,350.879
601.751,97.6939,475.875
602.729,97.3106,600.87
603.844,223.039,351.238
604.821,222.656,476.234
605.799,222.272,601.23
606.914,348.001,351.598
607.892,347.617,476.593
608.869,347.234,601.589
725.732,95.0097,349.893
726.71,94.6264,474.888
727.687,94.2432,599.884
728.802,219.971,350.252
729.78,219.588,475.247
730.757,219.205,600.243
731.873,344.933,350.611
732.85,344.55,475.606
733.828,344.167,600.602
850.69,91.9422,348.906
851.668,91.559,473.902
852.645,91.1757,598.897
853.761,216.904,349.265
854.738,216.521,474.261
855.716,216.137,599.256
856.831,341.866,349.624
857.809,341.483,474.62
858.786,341.099,599.615
601.553,98.7062,473.305
598.841,99.0464,598.275
596.129,99.3867,723.245
599.645,223.691,472.923
596.932,224.031,597.893
594.22,224.372,722.864
597.736,348.676,472.542
595.024,349.016,597.512
592.312,349.356,722.482
726.509,100.622,476.012
723.797,100.963,600.982
721.085,101.303,725.952
724.601,225.607,475.63
721.888,225.947,600.6
719.176,226.288,725.57
722.692,350.592,475.248
719.98,350.932,600.218
717.268,351.272,725.188
851.465,102.538,478.718
848.753,102.879,603.688
846.041,103.219,728.658
849.557,227.523,478.337
846.844,227.863,603.307
844.132,228.204,728.277
847.648,352.508,477.955
844.936,352.848,602.925
842.224,353.189,727.895
600.733,100.83,598.828
598.551,102.753,723.794
596.369,104.677,848.761
601.823,225.811,596.924
599.641,227.734,721.89
597.459,229.658,846.856
602.913,350.791,595.019
600.731,352.715,719.985
598.549,354.638,844.951
725.71,99.7735,601.027
723.528,101.697,725.993
721.346,103.621,850.959
726.799,224.754,599.122
724.617,226.678,724.088
722.435,228.601,849.054
727.889,349.735,597.217
725.707,351.659,722.183
723.525,353.582,847.15
850.686,98.7172,603.225
848.504,100.641,728.191
846.322,102.564,853.158
851.776,223.698,601.32
849.594,225.621,726.287
847.412,227.545,851.253
852.866,348.679,599.416
850.684,350.602,724.382
848.501,352.526,849.348
600.415,225.495,98.98
596.844,224.013,223.92
593.274,222.531,348.86
598.859,350.477,100.418
595.289,348.995,225.359
591.719,347.513,350.299
597.303,475.459,101.857
593.733,473.977,226.797
590.163,472.495,351.737
725.354,227.009,102.568
721.784,225.527,227.508
718.214,224.045,352.449
723.798,351.991,104.006
720.228,350.509,228.947
716.658,349.027,353.887
722.243,476.973,105.445
718.672,475.491,230.385
715.102,474.009,355.325
850.293,228.523,106.156
846.723,227.041,231.096
843.153,225.558,356.037
848.738,353.505,107.594
845.167,352.023,232.535
841.597,350.54,357.475
847.182,478.487,109.033
843.612,477.005,233.973
840.042,475.522,358.913
598.177,223.682,224.749
597.824,222.676,349.745
597.471,221.669,474.74
598.588,348.678,225.757
598.235,347.671,350.753
597.882,346.664,475.748
598.999,473.673,226.765
598.646,472.666,351.76
598.293,471.659,476.756
723.176,223.269,225.099
722.823,222.262,350.095
722.47,221.255,475.09
723.587,348.264,226.107
723.234,347.257,351.102
722.881,346.25,476.098
723.998,473.259,227.115
723.645,472.252,352.11
723.292,471.246,477.106
848.175,222.855,225.449
847.822,221.848,350.444
847.469,220.841,475.44
848.586,347.85,226.457
848.233,346.843,351.452
847.88,345.837,476.448
848.997,472.845,227.464
848.644,471.839,352.46
848.291,470.832,477.455
598.746,223.44,349.801
596.155,223.698,474.774
593.565,223.955,599.747
601.112,348.418,349.592
598.521,348.675,474.565
595.93,348.932,599.538
603.478,473.395,349.384
600.887,473.652,474.357
598.296,473.91,599.33
723.697,221.079,352.396
721.106,221.336,477.369
718.515,221.594,602.342
726.062,346.056,352.188
723.472,346.314,477.16
720.881,346.571,602.133
728.428,471.034,351.979
725.838,471.291,476.952
723.247,471.549,601.925
848.647,218.718,354.991
846.057,218.975,479.964
843.466,219.233,604.937
851.013,343.695,354.783
848.423,343.953,479.755
845.832,344.21,604.728
853.379,468.673,354.574
850.789,468.93,479.547
848.198,469.188,604.52
600.046,225.869,474.735
599.118,226.091,599.732
598.19,226.313,724.728
597.943,350.851,474.497
597.015,351.073,599.494
596.087,351.296,724.49
595.84,475.833,474.259
594.912,476.055,599.255
593.984,476.278,724.252
725.025,227.973,475.659
724.097,228.196,600.655
723.169,228.418,725.652
722.921,352.955,475.421
721.994,353.178,600.417
721.066,353.4,725.414
720.818,477.937,475.183
719.891,478.16,600.179
718.963,478.382,725.176
850.003,230.078,476.583
849.076,230.301,601.579
848.148,230.523,726.576
847.9,355.06,476.345
846.973,355.283,601.341
846.045,355.505,726.338
845.797,480.042,476.107
844.87,480.265,601.103
843.942,480.487,726.099
598.502,223.985,601.496
597.793,226.025,726.478
597.084,228.065,851.459
599.021,348.967,599.459
598.311,351.007,724.44
597.602,353.048,849.422
599.539,473.949,597.422
598.83,475.99,722.403
598.12,478.03,847.384
723.499,223.478,602.214
722.79,225.518,727.195
722.08,227.559,852.177
724.018,348.46,600.177
723.308,350.501,725.158
722.599,352.541,850.139
724.536,473.443,598.139
723.827,475.483,723.121
723.117,477.523,848.102
848.496,222.971,602.932
847.787,225.012,727.913
847.077,227.052,852.894
849.015,347.954,600.894
848.305,349.994,725.876
847.596,352.034,850.857
849.533,472.936,598.857
848.823,474.976,723.838
848.114,477.017,848.82
598.667,350.048,98.8935
602.112,346.903,223.806
605.557,343.758,348.719
602.276,474.959,101.939
605.722,471.814,226.852
609.167,468.669,351.765
605.886,599.87,104.984
609.331,596.725,229.897
612.776,593.58,354.81
723.567,346.525,95.36
727.012,343.38,220.273
730.458,340.235,345.186
727.177,471.436,98.4054
730.622,468.291,223.318
734.067,465.146,348.231
730.786,596.347,101.451
734.232,593.202,226.364
737.677,590.057,351.277
848.468,343.002,91.8264
851.913,339.857,216.739
855.358,336.712,341.652
852.077,467.913,94.8718
855.522,464.768,219.785
858.968,461.623,344.698
855.687,592.824,97.9173
859.132,589.679,222.83
862.577,586.534,347.743
599.724,348.724,226.298
602.716,350.012,351.256
605.707,351.3,476.213
600.43,473.715,224.993
603.421,475.003,349.951
606.412,476.291,474.908
601.135,598.706,223.688
604.127,599.994,348.645
607.118,601.282,473.603
724.686,347.987,223.314
727.678,349.275,348.272
730.669,350.563,473.229
725.392,472.979,222.009
728.383,474.266,346.967
731.375,475.554,471.924
726.097,597.97,220.704
729.089,599.258,345.662
732.08,600.545,470.619
849.649,347.251,220.33
852.64,348.539,345.288
855.631,349.827,470.245
850.354,472.242,219.025
853.346,473.53,343.983
856.337,474.818,468.94
851.06,597.233,217.72
854.051,598.521,342.678
857.042,599.809,467.635
600.756,348.41,350.479
598.549,350.342,475.445
596.342,352.274,600.41
601.397,473.394,348.558
599.19,475.325,473.524
596.982,477.257,598.489
602.038,598.377,346.637
599.83,600.309,471.603
597.623,602.241,596.569
725.735,347.803,352.696
723.528,349.735,477.662
721.32,351.667,602.627
726.376,472.787,350.775
724.168,474.719,475.741
721.961,476.651,600.706
727.016,597.771,348.854
724.809,599.702,473.82
722.602,601.634,598.786
850.714,347.197,354.913
848.507,349.129,479.879
846.299,351.061,604.844
851.355,472.18,352.992
849.147,474.112,477.958
846.94,476.044,602.923
851.995,597.164,351.071
849.788,599.096,476.037
847.581,601.028,601.002
598.373,350.679,476.917
599.025,353.932,601.873
599.677,357.186,726.829
598.288,475.637,473.664
598.94,478.89,598.62
599.592,482.144,723.576
598.204,600.594,470.411
598.856,603.848,595.367
599.508,607.101,720.323
723.371,350.746,476.263
724.023,354,601.219
724.675,357.253,726.175
723.286,475.704,473.01
723.938,478.958,597.966
724.591,482.211,722.922
723.202,600.662,469.757
723.854,603.915,594.713
724.506,607.169,719.669
848.369,350.814,475.609
849.021,354.067,600.565
849.673,357.321,725.521
848.285,475.772,472.356
848.937,479.025,597.312
849.589,482.278,722.268
848.2,600.729,469.103
848.852,603.983,594.059
849.504,607.236,719.015
601.253,349.179,601.652
601.626,348.945,726.651
602,348.711,851.651
601.277,474.179,601.886
601.651,473.945,726.886
602.025,473.711,851.885
601.302,599.179,602.121
601.675,598.945,727.12
602.049,598.71,852.119
726.252,349.156,601.278
726.626,348.921,726.278
727,348.687,851.277
726.277,474.155,601.513
726.65,473.921,726.512
727.024,473.687,851.511
726.301,599.155,601.747
726.675,598.921,726.746
727.049,598.687,851.745
851.252,349.132,600.905
851.625,348.898,725.904
851.999,348.663,850.903
851.276,474.132,601.139
851.65,473.897,726.138
852.023,473.663,851.137
851.301,599.132,601.373
851.674,598.897,726.372
852.048,598.663,851.372
600.259,476.475,100.609
603.716,474.536,225.546
607.174,472.596,350.483
601.655,601.453,102.51
605.113,599.513,227.448
608.571,597.574,352.385
603.052,726.43,104.412
606.51,724.491,229.349
609.968,722.552,354.286
725.203,475.131,97.1304
728.661,473.192,222.068
732.119,471.253,347.005
726.6,600.109,99.0317
730.057,598.17,223.969
733.515,596.231,348.906
727.996,725.087,100.933
731.454,723.148,225.87
734.912,721.208,350.807
850.147,473.788,93.6516
853.605,471.849,218.589
857.063,469.91,343.526
851.544,598.766,95.5528
855.002,596.827,220.49
858.46,594.887,345.427
852.941,723.744,97.4541
856.398,721.804,222.391
859.856,719.865,347.328
600.168,475.718,226.357
598.913,477.591,351.337
597.658,479.464,476.316
601.69,600.695,224.5
600.435,602.568,349.479
599.18,604.441,474.459
603.212,725.672,222.642
601.957,727.545,347.622
600.701,729.418,472.602
725.152,474.215,227.635
723.897,476.088,352.614
722.642,477.961,477.594
726.674,599.192,225.777
725.419,601.065,350.757
724.164,602.938,475.737
728.196,724.169,223.92
726.941,726.042,348.9
725.686,727.915,473.879
850.137,472.712,228.912
848.882,474.585,353.892
847.627,476.458,478.872
851.658,597.689,227.055
850.403,599.562,352.034
849.148,601.435,477.014
853.18,722.666,225.197
851.925,724.539,350.177
850.67,726.412,475.157
598.222,473.885,350.413
595.234,476.622,475.347
592.246,479.36,600.282
596.207,598.838,347.627
593.22,601.575,472.561
590.232,604.312,597.496
594.193,723.79,344.841
591.205,726.528,469.775
588.217,729.265,594.71
723.17,475.965,353.356
720.182,478.702,478.29
717.194,481.44,603.224
721.155,600.917,350.57
718.168,603.655,475.504
715.18,606.392,600.438
719.141,725.87,347.784
716.153,728.608,472.718
713.166,731.345,597.652
848.118,478.044,356.298
845.13,480.782,481.233
842.142,483.519,606.167
846.104,602.997,353.512
843.116,605.735,478.447
840.128,608.472,603.381
844.089,727.95,350.726
841.101,730.687,475.661
838.114,733.425,600.595
601.274,475.71,474.827
601.2,474.46,599.821
601.126,473.21,724.815
604.384,600.665,476.078
604.311,599.415,601.072
604.237,598.165,726.066
607.495,725.62,477.33
607.421,724.37,602.323
607.348,723.12,727.317
726.235,472.599,474.87
726.161,471.349,599.863
726.088,470.099,724.857
729.346,597.554,476.121
729.272,596.304,601.115
729.198,595.054,726.108
732.456,722.509,477.372
732.383,721.259,602.366
732.309,720.009,727.36
851.196,469.488,474.912
851.123,468.238,599.906
851.049,466.988,724.9
854.307,594.443,476.163
854.233,593.193,601.157
854.16,591.943,726.151
857.418,719.398,477.415
857.344,718.148,602.408
857.27,716.898,727.402
601.758,476.644,598.127
602.463,475.528,723.12
603.168,474.412,848.113
601.783,601.639,599.243
602.487,600.523,724.236
603.192,599.407,849.229
601.807,726.635,600.359
602.512,725.518,725.352
603.217,724.402,850.345
726.756,476.626,597.422
727.461,475.51,722.415
728.166,474.394,847.408
726.781,601.621,598.538
727.485,600.505,723.531
728.19,599.389,848.524
726.805,726.616,599.654
727.51,725.5,724.647
728.215,724.384,849.64
851.754,476.608,596.718
852.459,475.492,721.711
853.164,474.376,846.704
851.779,601.603,597.834
852.484,600.487,722.827
853.188,599.371,847.82
851.803,726.598,598.95
852.508,725.482,723.943
853.213,724.366,848.936
600.954,601.277,100.317
601.649,602.392,225.31
602.343,603.508,350.303
597.552,726.225,99.221
598.247,727.341,224.214
598.941,728.456,349.207
594.15,851.174,98.1248
594.844,852.29,223.118
595.539,853.405,348.111
725.906,604.673,99.5926
726.601,605.788,224.586
727.295,606.904,349.579
722.504,729.622,98.4964
723.198,730.737,223.49
723.893,731.853,348.483
719.101,854.57,97.4003
719.796,855.686,222.393
720.49,856.801,347.386
850.858,608.069,98.868
851.552,609.184,223.861
852.247,610.3,348.854
847.456,733.018,97.7719
848.15,734.133,222.765
848.845,735.249,347.758
844.053,857.967,96.6757
844.748,859.082,221.669
845.442,860.198,346.662
599.443,600.64,224.902
598.648,599.954,349.897
597.853,599.267,474.893
597.712,725.627,225.577
596.918,724.94,350.573
596.123,724.253,475.569
595.982,850.613,226.253
595.188,849.926,351.249
594.393,849.239,476.244
724.428,602.366,225.706
723.634,601.68,350.701
722.839,600.993,475.697
722.698,727.353,226.381
721.903,726.666,351.377
721.109,725.979,476.373
720.968,852.339,227.057
720.173,851.652,352.053
719.378,850.965,477.048
849.414,604.092,226.51
848.619,603.405,351.505
847.824,602.719,476.501
847.683,729.079,227.185
846.889,728.392,352.181
846.094,727.705,477.177
845.953,854.065,227.861
845.159,853.378,352.857
844.364,852.691,477.852
601.078,601.215,350.038
599.346,599.984,475.02
597.613,598.753,600.002
599.79,726.202,351.251
598.057,724.971,476.233
596.325,723.741,601.215
598.501,851.19,352.464
596.769,849.959,477.446
595.036,848.728,602.428
726.06,602.486,351.783
724.327,601.255,476.765
722.595,600.025,601.747
724.771,727.474,352.996
723.039,726.243,477.978
721.306,725.012,602.96
723.483,852.461,354.209
721.75,851.23,479.191
720.018,850,604.173
851.041,603.758,353.528
849.309,602.527,478.51
847.576,601.296,603.492
849.753,728.745,354.741
848.02,727.514,479.723
846.288,726.284,604.705
848.464,853.733,355.954
846.732,852.502,480.936
844.999,851.271,605.918
601.637,601.729,474.893
600.884,600.956,599.889
600.13,600.184,724.884
597.917,726.672,475.644
597.163,725.899,600.639
596.409,725.126,725.634
594.197,851.614,476.394
593.443,850.841,601.389
592.689,850.068,726.384
726.58,605.445,475.67
725.826,604.672,600.665
725.072,603.899,725.661
722.86,730.387,476.42
722.106,729.614,601.415
721.352,728.842,726.411
719.139,855.33,477.17
718.385,854.557,602.166
717.632,853.784,727.161
851.522,609.16,476.447
850.768,608.388,601.442
850.014,607.615,726.437
847.802,734.103,477.197
847.048,733.33,602.192
846.294,732.557,727.187
844.082,859.045,477.947
843.328,858.272,602.942
842.574,857.499,727.937
599.818,598.463,601.076
597.305,595.489,726.016
594.793,592.516,850.955
599.443,723.427,604.043
596.93,720.453,728.982
594.418,717.48,853.922
599.068,848.391,607.01
596.556,845.418,731.949
594.043,842.444,856.888
724.792,598.778,603.597
722.28,595.804,728.536
719.767,592.831,853.475
724.417,723.742,606.563
721.905,720.768,731.503
719.392,717.795,856.442
724.042,848.706,609.53
721.53,845.733,734.469
719.017,842.759,859.409
849.766,599.093,606.117
847.254,596.119,731.057
844.741,593.146,855.996
849.391,724.057,609.084
846.879,721.084,734.023
844.366,718.11,858.963
849.016,849.021,612.051
846.504,846.048,736.99
843.992,843.074,861.929
